Type	Signature_1	Signature_2	Signature_3	Signature_4	Signature_5	Signature_6	Signature_7	Signature_8	Signature_9	Signature_10	Signature_11	Signature_12	Signature_13	Signature_14	Signature_15	Signature_16	Signature_17	Signature_18	Signature_19	Signature_20	Signature_21	Signature_22	Signature_23	Signature_24	Signature_25	Signature_26	Signature_27	Signature_28	Signature_29	Signature_30
A[C>A]A	0.0110661260494934	0.000681645228317588	0.0222670892513895	0.0366960279931562	0.0150030910784443	0.00170265296616023	0.000401220253847232	0.0368580378998261	0.0120515856947786	0.000697180140024225	0.000201536515273783	0.00773510866966289	0.000334314848135837	0.000100362449535082	0.00130535177282448	0.0161736417771942	0.00183234959070922	0.0506867325584678	0.0107612810745228	0.00118597207912739	0.000100372483723982	0.00151161954657464	0.000458280114548162	0.028793293611506	0.00993411511281553	0.00204753852059968	0.00524259398455455	0.00139962112214112	0.0702500513853248	0
A[C>A]C	0.00898437214987836	0.000608763972396003	0.0176757414487174	0.0305945786167033	0.0088613005191298	0.00276181797507951	0.0004939155097771	0.0328661418173115	0.0066267037010849	0.000980859425613708	0.000992392679339186	0.00464979016739832	0.000638048438527751	0.00415126392622413	0.00395552382708382	0.00959651354683446	0.000337103557317443	0.0108058765971608	0.00732945562027165	0.00218904328593418	0.000691946494595466	0.00242593638058533	0.000365154672068602	0.020010283967981	0.00691874261438652	0.0014701729458877	0.00469947009091963	0.000904681450260243	0.0545235665661918	0
A[C>A]G	0.00152582165522952	0.00010179801327549	0.00220540366215229	0.0188945312407245	0.00227673654023424	0.000514287608609732	0	0.00260331609120515	0.000515693657054631	0.000306850658851259	0	0.00175381368198922	3.9121688499817e-05	0.000515347406814332	0	0.00226967389639244	1.61903176981034e-06	0.00235677700190133	0.000516427118455494	1.66898055669856e-07	0	0	0	0.0211395131460943	0.00149312458112753	0.000292714518748386	0.000809517447372942	0	0.0183985691242049	0.00202920536767472
A[C>A]T	0.00621317864360876	0.00032325074830832	0.0163277911005803	0.0244202090176875	0.00924093136713942	0.00190216299315623	0.000401051142274603	0.0337124711830296	0.0068263534195174	0.00915907686752584	0.000201451569021161	0.0046190263017406	0.000845183319826943	0.0296947636464106	0.00572105306420161	0.008836525301109	0.00317889780041919	0.0194736542979946	0.00743924439143326	0.00302205786120619	0.000601981064481891	0.000926691696962141	0	0.0247162201676613	0.00498320589634644	0.000599888814056633	0.00273639184000899	0.00051399498987631	0.026896049431163	0
A[C>G]A	0.00179584284125367	0.000263070795534351	0.0241052219055674	0.00975209511051	0.0117190939091524	0.00130202873882841	0	0.00838871591313072	0.00482063427791144	0.000497985814303018	0.00070537780345824	0.00311413465921493	0.00377017689925968	0.000100362449535082	0.00110452842315918	0.00482195531245541	0.00166200389609681	0.00152139936269023	0.0058332177787133	0.000700591654700839	0.000501862418619909	0.000530292370460136	0	0.0120547084424906	0.00806287988551199	0.00127772727786564	0.00133356661731669	0.000255593515745656	0.00933760204514524	0
A[C>G]C	0.00253437305513206	0.000265357468807688	0.0120269856814166	0.00534662538932679	0.00721102328664446	0.00118363627503408	0	0.00425721254431673	0.00227483858395452	0.000294257827684113	0.000297717803801756	0.00148397558533989	0.00090565456175856	0	9.88880956770954e-05	0.00237439510437141	0.00160250190933354	0.00246818918606513	0.00188188725385353	0.00203839396275798	0.000790795993823389	0	0	0.00833994830335222	0.00161722723351829	0.00151073676782203	0.00175659717521978	0.000265232420809973	0.00343938432210704	0
A[C>G]G	0.000606764997459852	0.000224796648570877	0.00544087071088608	0.00320071294241781	0.00237572491441669	0	0	0.000602467422038226	0	0	0	0	2.0399994682524e-05	0	0.000618720206355306	0	2.65026192100582e-05	0.00269301523962847	0	1.31450713350606e-05	0	0	0	0	0	0.000316734792682652	0	0	0.000159206499036751	0.00497167176952787
A[C>G]T	0.00295414105347794	0.000609765066460102	0.0233673106680918	0.00542671311504166	0.0117394717088205	0.00180204915141117	0.000100262785568651	0.00866418505061701	0.00381472691090678	0.000199110366685344	0.000906532060595226	0.00251034038138076	0.00385390607546707	0.00010032014745409	0.00100369352003537	0.00733029939751087	0.00132818712974725	0.00399317430793109	0.00723818373220534	0.000852550149736618	0.00180594319344567	0.000300830894951818	0	0.00389969732691198	0.00343993700909796	0.00250670590490427	0.0013315514635834	0.000308048630825833	0.0039903403028662	0
A[C>T]A	0.0294289007876387	0.00742997007352932	0.0179485709287691	0.0120644475593938	0.0219291419151272	0.0312486897318819	0	0.0181355893954472	0.00933997891345342	0	0.0226728579683006	0.0121551707666131	0.00147822489418352	0.0294061977137789	0.0117481659554204	0.0135617493162808	0.00935217483530154	0.00383700272739348	0.0222265711913041	0.0330254194469902	0.00511899666992308	0.00312901629956382	0.0199816484083852	0.00634799327585217	0.0210668183452659	0.00592972143647749	0.0138207398979866	0.00544227803547984	0.00521712914141192	0.0654039977633879
A[C>T]C	0.0140644985650955	0.00268076465251479	0.00879850375000616	0.0074258685962872	0.01261429750277	0.0160777260692129	0.0194602710852177	0.00558550642512804	0.0055387374218023	0.00313875016196387	0.109063955459377	0.0053423121072236	3.98413402527097e-05	0.0317275171504273	0.0167120881694291	0.00751891783050947	0.0041609428179843	0.00243502995740046	0.0201064796069614	0.021970605636222	0.00612866895213127	0.00150926047666942	0.0815131866382716	0.00380546372520532	0.0129907250823724	0.0105050611892065	0.00537993675335133	0.00179066158342715	0.00887412948085326	0.0538060763915448
A[C>T]G	0.175765247659994	0.0034063762509904	0.00368475803200351	0.00289096652863544	0.0172831381597255	0.0933946297235273	0.000103010547440496	0.0198601890902112	0.0128923414263658	0.0128877276717529	0.00745100893055367	0.00196014470339972	0.000324704415508107	0.0511224627559817	0.0318640906272983	0.00361084483516979	0.0094798582461917	0.00871810539943223	0.0380090359183244	0.0356853630351744	0.02638842526707	0.00374212252797651	0.00960124159759497	0.00321099383719999	0.0202663628874833	0.0205458182404031	0.00693622839150117	0.00558726694832274	0.0326168421574641	0.0211042309280597
A[C>T]T	0.0125818318179524	0.00331994897951059	0.0148546054874845	0.00592918655161959	0.0165388524754258	0.0149169624200147	0.00431129977945198	0.0208765137121065	0.00762945382181356	0.00467909361710559	0.064363776302261	0.00672771222210044	0	0.0277886808447829	0.00662437723223344	0.0101419210842274	0.00573457759343304	0.0056200436549215	0.0267410676773142	0.0189074498797072	0.00300990532240946	0	0.0335558616991235	0.00343655777341601	0.00574771319612287	0.0113728865794558	0.00450549718224724	0.00163106964002926	0.00478591859028131	0.0220226176729767
A[T>A]A	0.00397345592023478	1.30971197712784e-07	0.00838776278119301	0.00478197645292395	0.00885843224554766	0.000595481769515396	0.000993946157132431	0.0132942795264653	0.0120417143122078	0	0.000199707211146434	0.0057735600836919	0.00123070191944478	0	0.00208950544730186	0.00806319131957473	0.000607547913176747	0.00301859447337997	0.00109625827420585	0.000572086964382772	0.00825529819332985	0.0494156328704041	0	0.00116210190505548	0.0203214817853156	0.00443568643410428	0.142784530842186	0.000956772380703115	0	0.00753839824051425
A[T>A]C	0.00236043221513955	0.000112710510663929	0.00739261253230399	0.00391458967330803	0.00741763600059899	0.003299792285779	0.000801139765771203	0.0124583842469938	0.00421121760035443	0.000198871435229193	0.000100604914066888	0.00651905276185159	0.00105688524698641	0.000801598110182882	0.00902240183493822	0.00732150307445532	0.00187588058325211	0.000812261125517362	0.00532171376690455	0.00197829230013603	0.029261256255383	0.0117062912133564	0	1.52263569206386e-05	0.00891164914784588	0.0128501946624969	0.00147209228703349	0.00336545952336496	0.0030563148665472	0.00374827386223161
A[T>A]G	0.0027781822798085	0.000527434615443155	0.00732397260719722	0.00996556366390524	0.01145414373858	0	0.000894831039784638	0.0139666584823366	0.00676935880012106	0	0.000699193630494451	0.00458046110743105	0.000101520923216242	0	0.000895782129994177	0.00796613395088519	0.00107801108895751	0.004477003486453	0.0044860941608669	0.000189878007156811	0.00268629750712522	0.0676579173822623	0.00023789068028591	0.00630921456122694	0.00621057273173849	0.0011664902176404	0.00122416179944038	0.00177286186404664	0.00389054824811479	0.00656141036469786
A[T>A]T	0.00826829284876189	0.000147658017387141	0.00871927335956085	0.00299138048170759	0.0111475659417583	0.00526474443829316	0.00348189049362189	0.024003416727331	0.0184271801866567	0.00118536587459147	0.000299825944871519	0.00597793449177894	0.000962569872315652	0.000895855509477209	0.00786747749446378	0.00836922872268597	0.00202908697954688	0.00272215702554251	0.00329168557309614	0.00739774384446213	0.00428062647744918	0.014552880155169	0	4.9518185696412e-06	0.014784686659103	0.0039754723619561	0.00253226567577276	0.00561549073551753	0.00508305953784227	0.00930863802563999
A[T>C]A	0.0137494544729676	0.00128966669467748	0.0129726064879246	0.00836845879261691	0.0351900700476168	0.00744352211894245	0.000496973078566215	0.0161206539815713	0.0250786116254245	0.00305948735783688	0.000599121633439303	0.0463875689482832	0.000543747443834452	0.00258573850353839	0.0114425298304626	0.0713741750140133	0.00267331314429677	0.00291507573601577	0.0144506772508953	0.016329003529165	0.0263572773642459	0.0167708336096457	0.00107023927583842	0.0047071932767956	0.0205529951296519	0.0547367665117574	0.00503700521002463	0.0040619312308396	0.0100657409272014	0
A[T>C]C	0.00624661266071295	0.000424225262244565	0.00921060489603873	0.00200748188374771	0.0138054098364273	0.00559964751526134	0.0001001424707214	0.00780483169450631	0.0105280440008861	0.00517065731595902	0.00150907371100332	0.0317929188539532	0.000145078840463292	0.00460918913355157	0.00731817037722767	0.0171503702155049	0.00806651012770163	0.00151532552549967	0.00481966529832865	0.0193184925603691	0.0165346139799253	0.00111201943889407	0.000223614393059889	0.00063015520169375	0.00952287614084609	0.0276547588460426	0.00185578508269351	0.00788024150906937	0.00636367279259785	0.00877876222088793
A[T>C]G	0.0100196027382565	0.000569539558208513	0.0116638442705055	0.00807210656776325	0.0283157863973013	0.0215433196692442	0.000695979697610274	0.00980345027997809	0.0175206933650192	0.00256682339619573	0.000799078434850801	0.0484931425938896	0.000276364756585349	0.00348188939162819	0.00726578838773055	0.0346526826863506	0.00439479942311183	0.00331029398902799	0.0134582824826007	0.0545812254402912	0.0222863200591129	0.00489498386825165	0.000499793491229362	0.00271376204580218	0.0198114054436172	0.0515324275373846	0.00567898321814765	0.00548097737573085	0.0145867478252388	0.00900971861718852
A[T>C]T	0.00915378117941382	0.00147366337788165	0.0169116344055667	0.00358965657804911	0.0271906334106708	0.00228470041661779	0.00109430844085259	0.0217330373194491	0.0246027757086714	0.00395121958197156	0.000299825944871519	0.0249080603824123	0.000264917792971007	0.00248848752632558	0.00627406433102808	0.0495179366092253	0.00311518165745644	0.00546248953115084	0.0159596876271328	0.00731816152769133	0.0188148466101836	0.00262204901722828	0.000314043154690877	0.00710029047449778	0.0144238149129754	0.0388993932468536	0.00258975573029715	0.00321098493825414	0.00785768125227947	0
A[T>G]A	0.00156866130761143	3.33603320338268e-05	0.00233998563080401	0	0.00344485772076589	0	0	0.00419736476593627	0.0333386305337985	0	0	0.00119452967248798	0.000382188654880273	0	0	0.00517636973602328	5.26664124062302e-05	0.000383771395087235	0.00139523780353472	1.75817824135825e-06	0	0.00164522016031042	0	0	0.00525348938854825	8.02256202217219e-05	0.00113401940403282	0.00631675378871264	0	0.00528662236430609
A[T>G]C	0.0017760314267931	2.47659314875251e-05	0.00146810680490305	0.000200748188374771	0.00225218955625131	0.00169989299570433	0	0.00079540677733802	0.00511362137185896	0.00397742870458386	0	0.00100293119413101	0.000112052783443763	0.00200399527545721	0.000601493455662548	0.0042123716318784	0.00645934046658211	0.00125667450460457	0	0.000382709252865642	0.00310650323259203	0	0	0.00146909325455657	0	0.000163526913781889	0.000964220901991211	0.0166098776747735	0	0.00246595909095773
A[T>G]G	0.0013696952013907	0.000270634613404962	0.00901276545219133	0.00149483454958579	0.00546449875045687	0.00069494579578207	0.000894831039784638	0.00683156171543141	0.00517656849421023	0.00148085965165138	9.98848043563501e-05	0.00179235434638606	3.56379182157373e-05	0.000696377878325639	0.00119437617332557	0.00607417713754996	0.00345164807003652	0.00235542987340626	0.000996909813525979	0.00065630879745508	0.00159188000422235	0.00108275131364313	0	0.000844501671572076	0.00710054974122677	0.00124881231754458	6.75436878218235e-05	0.00654524692800496	0.00291063250394041	0.00626761735668306
A[T>G]T	0.00312355115075619	0.000215573646702033	0.00700313372584793	0.000199425365447173	0.00380550390238753	0.00288070922095286	0	0.00292693584599297	0.0192240312217554	0.0135329270682526	0	0.00298896724588947	0.000190663080239486	0.0055742120589693	0.00288806135872721	0.0075721593205254	0.0306783182383976	0.000336825288539656	0.00169571681038286	0.000530450231650985	0.00179189015335082	0	0	0.00107212158594435	0	0.00184219760556659	0.000255731619714377	0.0858183033345005	0	0.00950477817216674
C[C>A]A	0.00650296059048888	0.000668802973540215	0.0186504347736627	0.0458276954302566	0.00960578225266981	0.0100022911153311	0.00119015904588598	0.031487534607141	0.00973172709619927	0.00305287877733117	0.000697465432434407	0.0134094313587404	0.00168867280930894	0.00555725311971933	0.0105242456137949	0.0157935575381299	0.00102103334931611	0.0880334456921743	0.011137792398666	0.017269710498384	0.00198493168970852	0.00452123757215904	0.000164659006343822	0.0631694891802115	0.0147219103166384	0.00367823105148813	0.00504382275800652	0.00115721246973893	0.051028249023421	0
C[C>A]C	0.00719041463474166	0.000209540929328482	0.0155453702385518	0.0606281385489623	0.00488395699037881	0.0237068542574558	0.000591090224089976	0.0251457781603478	0.00562234475089972	0.000880377928324857	0.00168248941253971	0.0110502826359454	0.00113706422355053	0.0100542827306467	0.00828405867675402	0.00986646576170839	0.000414426061607835	0.0203333274720194	0.0157056889068252	0.0360336644995406	0.0013801375621689	0.00371585104399666	0.000731577826827511	0.0333250680655378	0.00771157367978618	0.00392456864136518	0.00220986545819225	0.000328838822845528	0.0254619299808199	0
C[C>A]G	0.000888356368344787	6.74553984035874e-06	0.0019675889920917	0.00882844343192409	0.00280618146149362	0.00909481527999074	0	0.00116157092074169	0	0.000695697238943753	0.00100553923708616	0.00280678403835479	0.000243325242519501	0.000901340808840105	0.00150297149033176	0.00220536205127207	0.00029688360172912	0.017192850265529	0.00180645844143479	0.0125194856039314	0.00270429277336761	0.000902757139877715	0.000165380214264124	0.0224963665687497	0.00127906924030106	0.000813099202185802	0.000267632873728401	5.36214865558871e-05	0.0145207590954081	0.00226746836666552
C[C>A]T	0.00708556400320892	0.000411034175953316	0.0146203819861463	0.0429461141095866	0.0109351086147954	0.0565493033536354	0.00128937766293875	0.0285776453097758	0.00903687494519273	0.0157572665936013	0.00139497273053058	0.00705257926418099	0.00124106602644781	0.124744229005695	0.0226377360027734	0.00834401666563325	3.11328658548588e-05	0.0373662580965089	0.00954696572061365	0.10276523368907	0.00555797553611045	0.00441221029737675	0.000722400897718551	0.0199639285669399	0.0124699790468288	0.0188971084904113	0.00308765423663209	0.000184871754576645	0.0400564499929441	0
C[C>G]A	0.0012668831512262	2.74177948143412e-05	0.0167149064516803	0.0104379783517938	0.00748367155522009	0	9.91799204904984e-05	0.00656979012920041	0.00178746007889374	0	0	0.00188725330234124	0.00526685400385047	0	0.000893568023812771	0.00397322202217104	0.00190372915014376	0.000454669481110145	0.000198889149976179	1.32339581529287e-05	9.92465844854261e-05	0.000578377520857987	0.000198952058739655	0.0133941713312246	0.00714688621023218	0.00126957312243295	0.00471080199091194	0.000102366221574647	0.00259940578971392	0
C[C>G]C	0.000687603862693287	0.000274225743793557	0.0133467739647744	0.00957806097597612	0.00752788520420217	0	0.000394060149393317	0.00599200663268196	0.00197275254417534	0	0.000197939930887024	0.00187460151859788	0.000894838687911719	0	0.000295859238455501	0.00493323288085419	0.000696834181076125	0.00359969068393131	0.00276578169428368	0.000541104925273901	0	0.000814639886967594	0.000281736121038954	0.0158996079359917	0.00453345302133469	0.00119783802503481	0.00124792927232582	0.00014195678566947	0.00109585805898028	0
C[C>G]G	0.0005037469184515	1.90910476263152e-05	0.00418538980778702	0.00632036291149111	0.00261894396234992	0	0.000600550288480964	0.000657134691671894	0	0	0.000804431389668929	0	0.000284483736135	0	0.000400792397421803	0.00280682442889172	3.51101962320272e-06	0.00541032073685226	0.000200717604603866	0	0	0.000383215694331337	0	0.000799867749281915	0.000825059048010702	0.000208180083987786	0.000362646170644204	0	0.00152262392667985	0.0032533721114891
C[C>G]T	0.00136212317170229	0.000308800755978287	0.0238790144373525	0.00934475631088226	0.00935009830291717	0.000198071115074029	0.000297548691447403	0.00774714153657623	0.0038729464050826	0	0.000199281818647226	0.00188730994393576	0.00630334635917681	0	0.00168790136862784	0.00794668253869833	0.000943276025176983	0.00547408772251271	0.000795580476717804	0.00011998797548952	0.000297748689434489	0.00174968672660512	0.000195685692913129	0.0103252644399284	0.000194896245809387	0.00227997531561261	0.000266909736656757	0.000288193291188367	0.000138716547807295	0
C[C>T]A	0.0206020993210914	0.0148279064344641	0.0142944330144958	0.0208759567035876	0.0226065353898525	0.00841776975052615	0.0747816600498357	0.0048295781425932	0.00973172709619927	0.00118175952670884	0.0308877548649523	0.0185745456598848	0.00360160081006549	0.00595419977112786	0.00506355213493903	0.020859415616398	0.0210304619406402	0.00968667354100547	0.0435567238447833	0.0110763019005517	0.00337438387250449	0.00768299495649661	0.0605430746729733	0.00599843336961906	0.0142266922326169	0.00654529767801567	0.0173653216319924	0.00434905282551495	0.00905866477929012	0.0689687272299796
C[C>T]C	0.0181188047368174	0.00344877757869426	0.00842816804998337	0.0142189771189749	0.0172678388045402	0.00973850029663124	0.0992046426097676	0.00392402988327121	0.00680599627740493	0.00234767447553295	0.150236407543251	0.00927434435516846	0.000985004719663409	0.0164614236864509	0.00867853766136136	0.00966913644647422	0.00377925973846772	0.00557043279610582	0.0743797719927003	0.0179196124546786	0.00897089415409788	0.00701900514534462	0.185035885310296	0	0.00585270250531314	0.00641878866594034	0.00706719702840422	0.00260447216086156	0.00696806500010114	0.062975432791076
C[C>T]G	0.0950972116423243	0.00496094840109288	0.00352599086215028	0.00762456478211626	0.0128877457508766	0.0900486655744138	0.0208190766673401	0.00835263694224977	0.00761643626073186	0.0108329998635527	0.0135747797006632	0.00461114520586858	0.000128756974225212	0.0293436507766834	0.0155307054000949	0.00160389967365241	0.0131504581017591	0.0161968337601625	0.02388539494786	0.0445161427170162	0.031850559330774	0.00551788499534205	0.0152808940639347	0.00293320456209608	0.0115783333370003	0.0119248403701708	0.00754077380989705	0.00228326433874869	0.0199088753395558	0.0173513847439593
C[C>T]T	0.0168727557334546	0.00884256141227163	0.0159636511499889	0.0199818725370993	0.0202841640753604	0.00861609350572027	0.0781561229535179	0.0187038750279757	0.00963271285366698	0.00423476539703036	0.0813069820080683	0.0203630809740437	0.000604126440489529	0.0184585732657592	0.00953167831695722	0.0209593751958168	0.00954180833227026	0.00511082207324029	0.115259721564492	0.0137619662800648	0.00396998252579318	0.00414382235854227	0.155943957877684	0.00394696555571976	0.013530951089632	0.00619224733375012	0.00711825179034165	0.00240060887420793	0.00162196679210095	0.0339969722972192
C[T>A]A	0.0011721933740834	0.000153446776560693	0.00755878631261514	0.00749575421199321	0.00503403335750269	9.95646331807635e-05	0	0.011998801104039	0.00549102621107281	0	0.000400692875703573	0.0016976669570817	0.000283100544910663	0	0.00159709986801152	0.00539266675890414	2.99070154271774e-05	0.000411130666675674	0.00429908995933724	4.5004469645054e-05	0	0.0868189900324056	0.000597430902669031	0.00276444015624535	0.0262396903437399	0.003553871016662	0.330982667765048	0.00255540863404763	0.00176174506393896	0.00530354388745478
C[T>A]C	0.00189214780049329	0.00046195440747777	0.012742840410991	0.0111272856048312	0.00621635700026905	0.00259651375978732	0.0014002028433143	0.0178972893934536	0.00490680828303435	9.93086389306712e-05	0.00110523975266997	0.00861418526751329	0.0002213505083925	0.00340243809373275	0.0043051940274289	0.0128212974562922	0.0101959690176174	0.00249158282606743	0.00531491262544403	0.00439863313570763	0.00370302340911872	0.053820045372293	0	0.00270047194778773	0.0158135630410272	0.00390511914466485	0.00282537058880004	0.0195846226574228	0.00038371275322531	0.00679725683906829
C[T>A]G	0.00147490851161167	0.000228696616442056	0.0114897119382417	0.0341812399368931	0.0104887303835996	0.000796531064361002	0.000698001586730054	0.0163224869557203	0.00509176833733814	0.000297032338766866	0.00060104987691748	0.00309580003584439	0.000284885446973187	0.000199543121199816	0.00269515339418918	0.0129825740678723	0.00444153725389446	0.00550685936069615	0.00209959246156178	0.00112690679356402	0.0024945383928005	0.213029407145606	0.000173968620130753	0.0069058036864788	0.0627263298331293	0.00238527768402028	0.00440201023906657	0.00879530535337864	0.00354944829596942	0.00825010215258031
C[T>A]T	0.00217432264002502	0.00057433419333993	0.0165364213363035	0.0115686857541085	0.00983082656446897	0.00110237636418568	0.00180657232138834	0.026363682938632	0.00693381145163393	0.000896911240085515	0.000403314402059412	0.00542787008106098	7.99867009145015e-07	0.00200845098807387	0.000703302629251338	0.00964968567089811	0.0312692323353181	0.00332555972474302	0.00221392481436147	0.00239912858690458	0.00100432589601349	0.0621750395857126	0.000463057970095666	0.00293194514920009	0.0367825649446894	0.00164313414734637	0.00547273366251887	0.0109662610866234	0.00224265015990713	0
C[T>C]A	0.00413996509360874	0.000542545328031444	0.00788194280688778	0.00519705625364862	0.0142128521416199	0.00617300725720733	0.000997127599222948	0.00516290610941126	0.0153748733910039	0.000495045197446208	0.000100173218925893	0.0311571818005582	4.24428606577924e-05	0.000598618842777488	0.00319419973602305	0.014580173088889	0.00738447466113136	0.000191602763238726	0.00659860319340134	0.0148551882642361	0.0218517722725377	0.00402365930467976	0	0.001847409881164	0.00900857182334843	0.037809036802561	0.00490473480145244	0.0206477388197465	0	0
C[T>C]C	0.00522218158727497	0.000390586916393533	0.014450876422864	0.00260639122275324	0.0125046139895852	0.00399463655351895	0.000800115910465315	0.0109468005757623	0.0118163954571031	0.00188686413968275	0.000401905364607261	0.0385635038138676	4.31250243780409e-05	0.00530380055787752	0.00500603956677779	0.0194322789571929	0.0395492502026812	0.00305040256521028	0.00701969592039778	0.0183962165576395	0.0100081713759965	0.00135529449124286	0	0.0044636229779787	0.0107809587838126	0.0217602833028434	0.0057483989152171	0.0432258054131555	0.00277751348485399	0
C[T>C]G	0.00695170658081821	0.000359332705530344	0.00840917611893066	0.00999451460143073	0.0187080301324761	0.0268829234221838	0.000997145123900077	0.00564591360177697	0.0153751436068642	0.00148516169383433	0.000100174979486247	0.0414437746734007	5.38817097445271e-05	0.00159634496959853	0.0127770234983783	0.0189745313299673	0.028446384845602	0.00258885475314451	0.00399922373630816	0.0740894814538431	0.0210539040352362	0.00274719710349794	0.000322276210582984	0	0.0133221429609781	0.0471407636056052	0.00566811429632367	0.0369274798204704	0.00688806024608926	0
C[T>C]T	0.00669834276085901	0.000560362146303861	0.0119906154017374	0.00543225244105964	0.0191440227219427	0.00330712909255703	0.00451643080347085	0.0111694845597518	0.0276347557854975	0.00199313608907892	0.000907457404633678	0.0325672204863659	7.63391412330475e-07	0.00271140883389972	0.00351651314625669	0.0264361180358979	0.101949044104779	0.00131471206781809	0.005333546143689	0.0110637770372497	0.0204882482786753	0.002376637935389	0	0.00160656445025249	0.00900023228131031	0.020832050315041	0.00393064095286843	0.00506363691673258	0.00305490325812948	0
C[T>G]A	0.000300030761212366	0.000112936582373646	0.00197091298645022	0	0.00203795273559673	9.95646331807635e-05	0	0.00241892666914647	0.0215647574834859	0.00217819886876332	0	0.00129821590835659	1.49852490879198e-05	0	0	0.000199728398477931	9.09460558173537e-05	6.08226992810455e-05	0	2.3244511815543e-05	0	0.00111933083034878	0	0	0	9.51939811358639e-05	0	0.0095481010567646	0.00111451258242311	0.00461611402064643
C[T>G]C	0.00208635241916458	2.19967764409325e-05	0.00583224874072982	0.00130319561137662	0.00348271145483419	0.00399463655351895	0.000800115910465315	0.00209810939604143	0.00640889245131018	0.00178755550075208	0.000100476341151815	0.00490808230358315	0.000147002681976372	0.00200143417278397	0.00190229503537556	0.00821364368293719	0.0197604566504526	0.00201583567949202	0.00110309507320536	0.00849499133937486	0.000500408568799827	0.00106682740652382	0.000191650796489378	0.00219031155663735	0.00288895350539209	0.00392297930834235	0.000382840070111781	0.0338677866271415	0	0.00600920247184379
C[T>G]G	0.0015855175532337	0.000226548844646667	0.0104475144189067	0.00459747671665814	0.0071346418469518	0.00497831915225626	0.00089743061151007	0.00659020268765774	0.0125796629510707	0.00366339884479135	0.00110192477434871	0.00449390327783863	4.56561388958638e-05	0.000498857802999541	0.000698743472567565	0.00669101894267267	0.0133730625415266	0.00529639950789256	0.00129974771430015	0.0153711038158879	0.00039912614284808	0.00418480704574026	0	0.000113821313539895	0.0117443516848409	0.00548579709305863	0.000403729857109318	0.018436210514969	0.00216518118844704	0.00736616263623242
C[T>G]T	0.00275218123639671	6.70469710747189e-05	0.00876692917347604	0.00120716720912437	0.0115410319760477	0.00861857884726984	0.00130474667655825	0.00488819984002632	0.05114942070843	0.0181375384106182	0.000907457404633678	0.00633251509457114	0.000463379300768137	0.00632662061243269	0.00452123118804432	0.0186962659873651	0.261660365625873	0.00235000045057909	0.00191202597603945	0.00219784195474663	0.00321384286724318	0.00163856847604507	0.000213250381164739	0.00254827207581428	0.00858821517423393	0.006818644745822	0.00145018351177528	0.119224237469227	0.00114873150325905	0.00919363940223043
G[C>A]A	0.0081775156340636	0.000350129279210323	0.00970097485924609	0.0376582442658194	0.0118957618325449	0.00239460832962806	0.00029977136189342	0.0236822841167742	0.0118056793605884	0.00138906008561694	0.000401540883180368	0.00620459463489803	0.0001314335698955	0.00179965719426795	0.00240071984210803	0.00960725252289548	0.00651173694825589	0.128616273950649	0.00320609365601825	0.00111754491316574	9.99909512843943e-05	0.00129992679880164	0.000352359863789783	0.0547486984850882	0.0134647316313617	0.00137530009889692	0.0107910780795621	0.00213183133343316	0.0780477610581769	0.0088579467620727
G[C>A]C	0.00564088183181058	0.000131271291205971	0.0106991995893469	0.0394125638683261	0.00912350861433959	0.00570743283440155	9.85504144234654e-05	0.0156044075918331	0.00907792044418206	0.00215280773875513	0.00099005505884829	0.00552712541445994	0.000740070723223408	0.0112411748163868	0.00976686092199643	0.00927780831160712	0.00127140054389119	0.0158583927442694	0.0030632150630086	0.00323057357790066	0.00374743290119285	0.00178689010392054	0.000564454938850998	0.108578155465867	0.00637912952281387	0.00193466139616069	0.012311491747792	0.000422358722037366	0.0724523213388505	0.00922161164447517
G[C>A]G	0.000617065253515406	0.000178893881236011	0.000936936048850746	0.0229154304946495	0.00283231795550384	0.00211189577776366	0	0.000857659026849645	0	0.000200010562919027	0	0.00151301391632248	9.70890562828586e-05	0.0011085107444824	0.00131070070367059	0.00363128565380586	0.00128915590368984	0.0093370977925189	0	0.00378617371817895	0.000302351338049342	0.00033688847390034	0.00015165808394663	0.0469557303272033	0.000663293432141372	1.33344480851003e-05	0.00164792607622594	0	0.0175213874270445	0.000892818140535254
G[C>A]T	0.00440690028173248	0.000121558336679112	0.0121593244496504	0.0257096225301507	0.0102524019183224	0.00863666890813818	9.94197478774211e-05	0.0209549583059453	0.00846119440081157	0.00868719239255208	0.000599273122764415	0.00268837135233089	0.000545517718370996	0.0732147978017275	0.030753354245974	0.00627295675736493	0.00307692696004684	0.0715937455658902	0.00717732304827674	0.0128883255731599	0.00228819118067528	0.000517148729671942	0	0.0502406357259554	0.0104198156219286	0.00192521926586774	0.00739910527112028	0.00130891065235219	0.0593026975517732	0.00812785535341115
G[C>G]A	0.000598093615265144	4.45985257487717e-05	0.0119222953164981	0.00701084334736	0.00556110269790801	0	0	0.00372456090772658	0.00110052943191926	0	0	0.00120088928417381	0.00134251390878424	0.000199961910474217	0.0022006598552657	0.00310234196051833	0.00129162956127529	0.000923105396460577	0.00200380853501141	0.001341475205757	0.000399963805137577	0	0	0.00495159514258526	0.00416948105517941	0.00132059619514942	0.00142280834263984	8.14081996642335e-05	0.000265763777149789	0.00738162230172725
G[C>G]C	0.00234466252060564	1.42438882411365e-05	0.0096930666725941	0.00898883035593403	0.00531634212436112	0.00295212043158701	0.000394201657693862	0.00300471822628269	0.00286151840088347	0.000195709794432284	0.000198011011769658	0.00108568534926892	0.000773984954911673	9.86067966349716e-05	0.000493275804141234	0.00315840282948328	0.000256245595248203	0.000639196610826409	0	0.00178853302553146	0.00414189952237104	0	0.000136561678882424	0.00925330553452924	0.00235981900087718	0.0018201205820573	0.00133255473287748	0.000103539859987612	0.000932038179070143	0.00650364944558829
G[C>G]G	2.48828377406791e-07	4.07689477733105e-05	0.00168507443425125	0.00625884004699677	0.00110965135195286	0	0	0.00032375907682888	0	0	0	0	8.20178497795471e-05	0	0.000604938786309504	0	4.39628262457858e-06	0.000546685581827999	0	6.43411230449061e-07	0	0.000216657617407113	0	0.00567782572907519	0.000421492137752723	0.000206684938120638	0	0	0	0.00158726586624696
G[C>G]T	0.000879665031942179	0.000265645974436622	0.0178321227884179	0.00597898198375598	0.00601259031256823	0.00168762495906148	0	0.00574651891385038	0.00437991239571423	0.00039487238147964	0	0.000896123784110295	0.00265295767621006	0.000298429882343998	0.00179145752889169	0.00288755152323148	0.00180465100410041	0.00136863234193301	0	0.00123358677067721	0.000397946292291352	0.00053636507628413	0	0.00304437357657353	0.00198387093009981	0.00121934056094087	0.0045525335656701	0.000158517146159198	0.00477261919980971	0
G[C>T]A	0.0247769029689826	0.00635660248716626	0.0161346499235344	0.00871347673171885	0.0200443125893	0.0651533016352968	0	0.00226125841291778	0.00620298407081762	0	0.026200542627519	0.0124091892697961	0.00291912208338678	0.0556893920670694	0.047614276868476	0.0125094433891868	0.00206126274306172	0.0027008032764386	0.0374712196047133	0.0568662618741443	0.0162985250593563	0.00191766722429952	0.0536554926877077	0.0237103409435736	0.0100376919932756	0.00960643297381148	0.0142618434424812	0.00337664164645236	0.0116389646688063	0.0486205523763813
G[C>T]C	0.0266089281920303	0.00195785052083174	0.00809951433414356	0.00790226844477717	0.0177799799621275	0.0760663031205586	0.0206955870289277	0.00159442661849337	0.00680844033313654	0.0131125562269631	0.0965303682377083	0.00908027746661275	0.00246790760271727	0.0609390003204124	0.132691191313992	0.00908040813476442	0.000319847353655561	0.00413812031734066	0.0606714209253962	0.0537501134753836	0.038657728875463	0.00318856993046586	0.161805300097423	0.0157211517040717	0.0068580127108333	0.0192391483451199	0.0199318159660636	0.00166048490128932	0.00372982949914356	0.0488259217405744
G[C>T]G	0.103693437231518	0.000303788917181437	0.00122309931722165	0.00232182775936977	0.0133024491159483	0.134658497448835	0.000201432165640139	0.0116987190875522	0.00887404422178354	0.0270014259940686	0.00910630575204212	0.00231995467169447	0.00321414603731897	0.0985566825548899	0.184405506693347	0.000907821413451464	0.00754323978141756	0.0119816446987057	0.0280737845349221	0.00463499811616888	0.00191489180764583	0.00333075784096418	0.0132421033160929	0.0127652099589409	0.0105509251622441	0.0226809476580281	0.00947365916730681	0.00220171297257271	0.0198407581074633	0.015872356114811
G[C>T]T	0.0174828482149389	0.00323195322196028	0.0105629507874761	0.00817127537779984	0.0194104004626122	0.0520185575616598	0.0160065794082648	0.00625321449819674	0.0100538898174349	0.0150051504962263	0.0521367616805041	0.0114504705747427	0.00167062380983997	0.0552095282336396	0.0796203346174083	0.0115502060929259	0.000917692233658112	0.00190213383359714	0.0914111838231913	0.0493935773105079	0.0165147711300911	0.00110976891509083	0.107797944716711	0.0180621634112314	0.00977385805990688	0.0172200220809968	0.00757605919048875	0.00103639504324709	0.00573235979930236	0.018801731904244
G[T>A]A	0.000679275580644664	0.000113476383334869	0.00440180856454654	0.0068561693118937	0.0066892324421154	0	0	0.00807495253330084	0.00297776520616782	0	0.0002987798144511	0.00148926918167465	0.000136171576556039	0	0	0.00297858122548694	8.44756717767752e-06	0.00185907918185834	0.00258440036892417	0.000162048957270681	0	0.0533493135252077	0	0.00221049017910465	0.0359305714005169	0.00222517314478707	0.109341970802354	0.000545881730806097	0.00290702507783351	0.00371058272668766
G[T>A]C	0.000545618941969215	0.000290641034641498	0.0055863214832946	0.00517868728860888	0.0040001271978315	0.00277795623182154	0	0.00786546119987486	0.00288503505667314	9.8659092616198e-05	0.000299457471802247	0.00388088211538377	0.000250154751965347	0.00248542928319367	0.00377970545361059	0.00398044919235082	0.00254968816213952	0.00150053459392393	0	0.00378256635460273	0.0141186497631632	0.00944719965475648	0.000183447507207694	0.00483215949090386	0.00581389502623844	0.00517787942927521	2.33997558898547e-05	0.00313908155896975	0	0.00332749891286778
G[T>A]G	0.00119528458929705	8.84749865928055e-05	0.00809473397908029	0.0133550945112074	0.00683406133914892	0.00060020222237806	0.000601095169970196	0.00908069862600593	0.0028086014089409	0	0.000402580626616195	0.00190633150832902	0.00015312731438761	0	0.00260751424596356	0.00511706873653114	0.0035351369543416	0.00150800183213656	0.00160719773140791	0.00083153599520994	0.00310774585307695	0.050484586981281	0	0.000196524868715198	0.0383385961531835	0.00136162684614236	0.00157513088380411	0.00215357488205483	0.000535022069897208	0.00503250058507799
G[T>A]T	0.00211891907995184	0.000217254396040941	0.00879046511505308	0.00456270311512876	0.00516567154490856	0.00212119217350115	0.0010115942693434	0.01803246752041	0.00364627106685823	0.000401781986732944	0.000101626566435514	0.0031406597698081	0.000123627481642314	0.000910955716219159	0.00435447869449392	0.00334333109169501	0.00391275558030409	0.0036526146563022	0.00527432690734383	0.00192670096461325	0.00415032427980846	0.0107454203902772	0	0	0.0204164934141405	0.00254416791504988	0	0.00202799645290696	0	0.00647658269901913
G[T>C]A	0.0110844288293475	4.61216109230582e-06	0.00679912326976683	0.00606125113080457	0.016171314190287	0.0120765615117716	0.000198270956565282	0.00567563601458452	0.00903255445870906	0.00629989324806644	0.000995932714837	0.0568900827399716	0.00104041374637785	0.00773699122701969	0.0193519650743236	0.0159850525767799	1.12704245763807e-05	0.000524512170912731	0.00387660055338625	0.00245295567521069	0.141462212290448	0.00418919867090603	0.00025093359092173	0.00126139727189064	0.0173511188184812	0.0972784450174418	0.0047552051117883	0.00361807051245264	0.00703496742709083	0
G[T>C]C	0.00691367898198271	0.000184026456272747	0.00622829270456758	0.00159344224264889	0.00952344682660577	0.00585355063133825	9.93603257534818e-05	0.00515182626790799	0.00964994484473431	0.009964568354236	0.00159710651627865	0.0272656846055168	0.000524215209853896	0.0126259807586238	0.0496335005618864	0.00985161175106827	0.00956847618895028	0.0022643796328153	0.00298876384948698	0.00155878666675742	0.0661190288204473	0	0.000538934419880637	0.00668131805759441	0.00402263126533904	0.0399991893434397	0.001960269562735	0.00701551298439796	0.00707133165574321	0.00655709802216965
G[T>C]G	0.00495708777686034	4.93669384256045e-07	0.00611735181939987	0.00421739826669708	0.0141447219359339	0.0115038759289128	0.000300547584985098	0.00505375024695623	0.00942887615858731	0.00537167659586147	0.00191225797642692	0.0411366272849946	0.00062849440367225	0.00821966723238684	0.0154445074568611	0.0148495328040512	0.00464928191478738	0.00588132570694783	0.00602699149277966	0.0274474568307116	0.0886208817458072	0.00148047641860091	0	0.000278771893786377	0.0134363875970438	0.0447358589902117	0.00123638427742674	0.00823502172723605	0.00565775904454979	0.00789418544146804
G[T>C]T	0.0107270538827417	0.000582617831035406	0.00760568029537224	0.002433441661402	0.0158654002508637	0.0042423843470023	0.00819391358168156	0.00859316782925822	0.0127619487340038	0.0124552415887213	0.00233741102801683	0.0410312002184607	0.000681046313682106	0.00870468795498307	0.00951909296005648	0.014386455000627	0.00822012922907003	0.00482652154909575	0.0100415069966738	0.0015187233518885	0.101531103723119	0.0015822410163374	0.00101514846268658	0.0042965599330213	0.0143341901663037	0.0562142382627048	0.00380597965036331	0.000412001117154234	0.011376805181747	0.00856899529248538
G[T>G]A	9.7606097114129e-05	9.42911809486381e-05	0.00411367245419279	0	0.00161531160369502	0	0	0.000966888286750164	0.00714663649480277	0	0	0	1.82501129797764e-05	0	0	0	3.87437965326573e-05	0.00132983350408119	0	3.55543398797017e-06	0	0	0	0	0.00550224193327246	3.70979160831007e-05	0	0	0	0.00322229068729288
G[T>G]C	0.0001998780326277	4.64871873710199e-05	0.00447864659936491	0	0.000325985324905917	0.00158740356104088	0	0.000521861145748039	0.000596903804828926	0.00197318185232396	0	0.000398039191321413	9.23718420120145e-05	0.00188892625522719	0.00218825052577455	0.00318435935388065	0.00899457666409259	9.14473703436452e-07	0	0.00281819746259748	0.000596562666049149	0	0	0.00106898888742526	0	0.00244680839421343	5.0669472121326e-05	0	0	0.00185949931773057
G[T>G]G	0.00118345784824531	0.00010962046628971	0.0164414132094075	0.00180745640001303	0.00596608565977505	0.00100033703729677	0.00170310298158222	0.00610350546312428	0.00501535965882304	0.000895279432643578	0.00100645156654049	0.00110366561008522	1.05523082198807e-05	0.00120287813156881	0.00371069335002506	0.00080267744886763	0.00477779426127318	0.0097119576060025	0.00431934390315876	0.00274378588974926	0.000400999464913155	0.00188470788201424	0.000188931907756181	0.00293614487924707	0.00870736952140978	0.000819310613315485	0.0047707645511415	0.00421923432329318	0.00365007453414776	0.0033550338283719
G[T>G]T	0.000805200657752346	8.7077967759221e-05	0.0071579013410042	0.000202786805116834	0.00334937773577583	0.00353532028916858	0.000910434842409063	0.0054945380750146	0.0187377818713548	0.00301336490049708	0	0.00324197137528578	5.41273388206223e-05	0.00384625746848089	0.0192407198128801	0.00445777478892668	0.0640501581333813	0.00292384504613194	0.00253573409006915	0.00360715008866053	0.000809819371669944	0	0	0.000836405052582872	0.0028026900675308	0.007930361947997	0.00233451499888028	0.03196841736663	0.0062575494861698	0.00567940561083695
T[C>A]A	0.0122156374273157	0.0151052529626974	0.0117041090321695	0.0331802606417394	0.0148362243289855	0.0017028084580071	0.00100314223648809	0.0271379565060195	0.0222974696273722	0.0372527406415263	0.000906997141118721	0.006630698627252	0.0481067955258866	0.000501858074813836	0.00572398815107796	0.0122569223259128	0.00182505398476541	0.0672863103296518	0.00512967715260024	0.000691868927875961	0.000100381650068022	0.00407234222436098	0.00209395682967502	0.0316158762921004	0.00696496484864226	0.00269051136190686	0.00713020822543743	0.000777185408411451	0.0269998902994118	0
T[C>A]C	0.0111105798906957	0.00651103209524142	0.0166488994263131	0.0539953208939575	0.0120721401907711	0.00289949839527495	0.00200262904016798	0.0181273337622271	0.00431101029182641	0.0102407519965877	0.00251484611177686	0.00992792632829271	0.0172767033334445	0.0166313306334766	0.00621474848886221	0.0145411114463254	0.00128452321965457	0.0419208596886729	0.00632511467277065	0.00407184094726222	0.000500993777886321	0.00274875639774007	0.000702748520546966	0.0627510729583718	0.0102674725822366	0.00203584870205848	0.00630239038465397	0.000829149904210391	0.0316742930982061	0
T[C>A]G	0.00230414874710272	0.00167957490021357	0.00138422092108759	0.0106183222188209	0.0039793223733757	0.00111883558270783	0.000203727295320218	0.00172777522065924	0	0.00313548716902711	0.000102334039150035	0.00193832082627534	0.00232571219520854	0	0.00254929789013325	0.00408073414598664	0.00220710409250319	0.0154437782733202	0.00183843834283772	0.00102183644479743	0	0.000523740245576968	0.000102033337115566	0.0130683783806127	0	0.000270215334662151	0.00147930931353536	0	0.0127433326517956	0.00170561559503258
T[C>A]T	0.0152813541130413	0.0124294203189207	0.016469571668825	0.0373613567507931	0.0183986330957715	0.00583445013453482	0.00130966713754987	0.0384541940770802	0.0324798144678347	0.308400598967415	0.000404835381432918	0.00494386377105687	0.0186913263674584	0.0520134516806615	0.0146233520033976	0.0158407710537593	0.00503513964103365	0.11874538755246	0.00878808341959263	0.0123451385780959	0.000403245364033081	0.00363959230842315	0.000210597808328716	0.030586625179797	0.0248267940777122	0.00304191641037229	0.00991909607895213	0.00200994370923744	0.0415458790897585	0
T[C>G]A	0.00186958431669158	0.0371872621375125	0.016111450670671	0.00321747981980503	0.00269234592980557	0	0.000200628447297619	0.0041339609835485	0.00331448872839316	0	0.000100777460124302	0.00241116313718254	0.279890210017344	0	0.000903787602801783	0.00502332882209541	0.000392791348406963	0.00180849688819543	0.000502909524764729	2.44244707522799e-05	0.000200763300136045	0.000226643084630705	0.000233132577654473	0.0102743524934384	0.00983659992399575	0.00421827896577569	0.00289108172788413	0.000522232242362239	0.000823662793624123	0
T[C>G]C	0.0020578525102735	1.93496346133113e-05	0.0202010323155323	0.0105381202488207	0.00794291529277427	0.000199965406570686	0.00100131452008399	0.00380753894642612	0.00250640133245721	0	0.00110653228918182	0.00270761627135256	0.0636904416002803	0	0.00260618485016802	0.0064181457418264	0.000654585717053869	0.00787274423157576	0.00110438510159488	0.000152508375122247	0.000300596266731792	0.000630756912964627	0.000167295905679383	0.00760414975698396	0.00327315874347885	0.00281357267892523	0.00312462081425792	0.000667211170713087	0.000445048832482108	0
T[C>G]G	0.000308736269677099	0.00164815242598002	0.00257816498969074	0.00316507681522547	0.00134508964579554	0	0.000305590942980327	2.61509808592268e-05	0	0	0.000307002117450105	0	0.00966375749831772	0	0	0	1.38560078513565e-05	0.00154130728438665	0	0	0	0.000403975725859614	0	0.00162577969429386	0.00209729083423857	6.31725087552293e-09	1.31018477607073e-05	0	0.00014608119408142	0.00200661258229135
T[C>G]T	0.00315617025085732	0.0670677283249191	0.0329567837040398	0.00504883199335042	0.00670113615239537	0.000100593967836807	0.000705205381757625	0.00629880076234051	0.00494258046249658	0.000100032630219726	0.000809670762865836	0.00151342768501741	0.331231063609998	0.000100801262947018	0.00151276055207561	0.0170515306247473	0.0028653685181095	0.0035933547237912	0.0106063075753704	0.000689541090767851	0.00030243402302481	0.000259797920442124	0.000445658999217518	0.00615890913984913	0.0165347885768592	0.00808511007480756	0.0021550992828927	0.00125318039110617	0.00138112869605101	0
T[C>T]A	0.0144513726227256	0.419325828030534	0.00891898473512963	0.00351911855291175	0.0110438671042143	0.00741222505250151	0.120577696825869	0.00720871224122279	0.00502195261877752	0.00368543156079271	0.0304347929575393	0.0138641880387996	0.113702048073253	0.00923418857657458	0.0112471346126444	0.0172802511480082	0.0161051591135783	0.0149691462743694	0.0219268552797422	0.0107658613448532	0.00642442560435344	0.00202702903715067	0.0147179336549245	0.0267109692742228	0.0111203391333514	0.011347357652897	0.0188927075304345	0.00763485798239945	0.0121239492198635	0.0853689565154399
T[C>T]C	0.0175989635531876	0.0817032024267897	0.0135638916433613	0.0070254134992138	0.0206941200128319	0.00669884112011799	0.289079501948247	0.00406946501243432	0.00842150847705623	0.0209786278765049	0.159843618864537	0.00952679799179603	0.0149790144502777	0.0283534130679149	0.0156371091010081	0.0131371420653009	0.0167539618511382	0.00997508203313104	0.0331315530478463	0.00820293161229996	0.00861709297964472	0.00199736346445248	0.0439064536544885	0.0120967091665674	0.00646191921587817	0.010829895009028	0.0080319923968719	0.00511573964840584	0	0.0905392283942551
T[C>T]G	0.0769592423365849	0.0483862272138322	0.00173931183578853	0.00112309177314452	0.00768308013268607	0.0397695193489782	0.101048738478828	0.00564256638041631	0.00479354900936949	0.216550904157647	0.00818672313200279	0.00102016885593439	0.00618872660654111	0.00958066098980262	0.0106050792229543	0.00367266073138798	0.0165279189745645	0.0117640665831119	0.00919219171418862	0.0236436556380203	0.0128434465565246	0.00152939496875807	0.00282574539340893	0.00547470548568503	0.0143562224345948	0.0105654459450566	0.00471398940433542	0.0019508730630545	0.0161377527096057	0.0154512126787173
T[C>T]T	0.013781772058206	0.229317139650838	0.0103937128514708	0.00777520126975965	0.0118877640892927	0.00472791648832994	0.0850276203147765	0.0123092182602964	0.00968342294693208	0.0392127910461325	0.096553238471751	0.00908056611010446	0.0282263534044685	0.0230834892148672	0.00766465346384977	0.0194730497667232	0.019917700368005	0.00543774154228774	0.0269703249773705	0.00963060696168059	0.00645192582452929	0.00119335526483902	0.0247003043524191	0.00558526200315307	0.0125199520191484	0.00730855955953223	0.0120176191008358	0.00622995059002411	0.0135727894399301	0.0459433293769613
T[T>A]A	0.00548392840076076	7.91831419893655e-05	0.00703491672153406	0.00444316329424737	0.00907805037631365	0.000196725555580145	0.000985091164777824	0.0149256235645532	0.0212058152786412	0	0.000296892051693742	0.00562346655847209	0.00039551766558187	0	0.000788910551905307	0.00838599185910542	0.000686423961811312	0.00459340471697306	0.00385210725833792	0.000912619212714062	0.00266153389893981	0.0402809639062411	0	0	0.0215203657052571	0.000619247001498876	0.0522365984835307	0.000199910324062281	0.00117436023510833	0.00756820167861151
T[T>A]C	0.00202012767779269	4.86001156615692e-06	0.00926484472136491	0.0046869972898205	0.00695594642177318	0.000812040858497612	0.00152484181475353	0.0123031918649396	0.00274813072749029	0.000807509482608142	0	0.0134387941677603	0.000781175611569295	0.00162742848028289	0.00193351919873827	0.00885751452580088	0.00261457270856647	0.00262065364366524	0.0048925143861315	0.0007214020462298	0.00457760022128707	0.026044886493709	0	0.00814346639837849	0.00346458461162172	0.00516167115768624	4.80650076164093e-05	0.0103342102522822	0.00171186084737537	0.00660844286276127
T[T>A]G	0.00108912599502483	6.66373471036881e-05	0.00660741696346003	0.00826090009332686	0.00718830705809305	0	0.00100510210040218	0.00841160797281897	0.0140889395707121	0	0	0.00372447224171468	0.000245371040244138	0	0.000603702236732808	0.00634176021079151	2.11806814889815e-05	0.00202687383929517	0.00524047754463842	9.76966450422655e-05	0	0.070339348766978	0.000234516570573481	0.0112827750679448	0.0102509024366346	2.02564041579179e-05	0	0.0032621614279073	0.00245310450292615	0.00366300534353293
T[T>A]T	0.00396294594126884	0.000275432055604985	0.0147507343959686	0.00451672933806075	0.0102661248364413	0.000699939683411925	0.00500700724906637	0.0277131195487899	0.013936801235309	0.00278413543207461	0.000804820620695087	0.00942733427638572	0.000159870810747431	0.00120236924042635	0.000300739743195168	0.00802337867131742	0.00387744526677232	0.00282241506859234	0.00853462575036813	0.00232145035756764	0.000801659635145544	0.0236584463614446	0	0.000271522951122961	0.0145583855487864	0.00123820311517967	0.00194027942573451	0.0164914085815	0	0
T[T>C]A	0.00790605450381896	9.9951398421666e-05	0.00899055285937967	0.00276463493864281	0.0168232002208641	0.00580340388961426	0.00226570967898899	0.00483167632615672	0.0153865450393862	0.00293441672189188	0.000197928034462494	0.049328654021685	0.000769000231791496	0.00177417855111775	0.00670573969119511	0.0242700470275286	0.00167829736368623	0.000297773928259154	0.00513614301111722	0.00566024505977189	0.0383458032106513	0.00474133945970176	0	0.00166066553391621	0.0143089545496903	0.0283818482738712	0.00170220349749646	0.00976699357346246	0.0113360407931396	0
T[T>C]C	0.00490852481720362	0.000475936741277572	0.0111487889793903	0.00163025992689409	0.0144461769118572	0.00355267875592705	0.00182981017770423	0.0061864233620233	0.0139442188765248	0.00979105247662372	0.000919129987309728	0.0348186939801062	0.000134587915181099	0.0056959996809901	0.0100746526671099	0.0186313236577191	0.011225339405333	0.00636399347289175	0.00203854766088813	0.0114435700774857	0.0318397526502856	0.000929083736102938	0.000236251178120298	0.00238832545941085	0.00753416412806023	0.0372743764382887	0.00356132238213557	0.0294472344807158	0.00364640673208086	0.00931189676116361
T[T>C]G	0.00831827719692537	0.000192447496688266	0.00615172127977612	0.00362673662633862	0.0126742547933979	0.0106382552578595	0.00190969399076414	0.00172253150310268	0.0098622576994985	0.0064870560054243	0.000706820460866265	0.032211651820235	3.74293768098214e-05	0.0034193022583544	0.00392406453876325	0.0166093719806444	0.00594520712286518	0.00154901123277773	0.00574436961623826	0.0239375364577163	0.0250438642798332	0.00179434084168181	0.000242607922195928	0.000484738308727609	0.00492103809837196	0.019255878407133	0.00116340794579579	0.0157398357413173	0.00170426512142657	0.00603898704894356
T[T>C]T	0.00622869366745258	0.000583458013462862	0.0108026039793622	0.00220817878749637	0.0174180209962519	0.00289975011699226	0.00240336347955186	0.0100250826081558	0.0309818099403631	0.0098439074205495	0.000503012887934429	0.0372078831546713	0.000179170320200683	0.00260513335425708	0.00471158931005763	0.0174508486101154	0.00719766478639829	0.00135959658987233	0.0038154797472234	0.00541375249364719	0.0274568425037349	0	0	0.00035939775748344	0.0170509081394076	0.0231214467834419	0.00153627752910152	0.017290091963164	0.00380798915301248	0
T[T>G]A	0.00136854856996543	7.03428139380627e-05	0.00535279613275391	0	0.00513076437041147	0.00088526500011065	0	0.00171853846152434	0.0495131128831529	0.00489069453648646	0	0.00187448885282403	0.000536086075201091	0	0	0.00670879348728433	0.000131045575454137	3.5774218630809e-05	0.00316070339145675	2.65674396295198e-07	0	0.00163026705309466	0	0	0.00205192551778067	8.41402980640802e-06	0.0011760256906776	0.0092359389034333	0	0.00853851682487876
T[T>G]C	0.00130533775625634	1.44512836503213e-05	0.00626991444811944	0.000305673736292641	0.00522214952421711	0.00192859703893183	0.00101656120983569	0.00259403882549965	0.00824439218247085	0.00928635904999363	0	0.00274884426158733	0.000238201919102943	0.0015257142002652	0.000407056673418584	0.00702492531356622	0.009744589246577	0.00328714430536457	0.00183469289479931	0.00038426302794673	0.00183104008851483	0	0	0	0.000588991623283735	0.00276561580306084	0.000286088079372105	0.0305704036672474	0	0.00440569643550774
T[T>G]G	0.00202932597742247	0.000206715378397141	0.0111466271922107	0.00302228052194885	0.00609263071572718	0.00110396988524957	0.00100510210040218	0.00606577430349421	0.00885590487301906	0.00219561895568207	0.000302923054656971	0.00110727553132058	4.79367447562843e-07	0.000201135426962023	0.000905553355099212	0.00493248016394895	0.00453252910695972	0.00075839415878471	0.00110856255751966	0.000519106574828458	0.000301733304576304	0.00259095328536961	0.000250699274831295	0.00137029757534358	0.00948413615141929	0.00137718460613943	0.00237461221142468	0.012744593921115	0.000355776933020297	0.00831593596893721
T[T>G]T	0.00401182836504392	2.35227218122817e-05	0.0130350937984186	0.00110408939374818	0.0134029328416726	0.00719937960080837	0.00140196202973858	0.00723962680988082	0.0546442926132619	0.0629413474465438	0.000301807732760658	0.00320930528557812	0.000668601126503196	0.00250493591755489	0.00330813717514685	0.0163476340428092	0.0579554303396484	0.00212925972436673	0.00130529570299748	0.000617775320476709	0.000300622363179579	0	0	6.97583529250476e-05	0.00788638120275257	0.00257361521260735	0.000140321269287728	0.233639896899173	0.00611814271045308	0
