Type	Signature_1A	Signature_1B	Signature_2	Signature_3	Signature_4	Signature_5	Signature_6	Signature_7	Signature_8	Signature_9	Signature_10	Signature_11	Signature_12	Signature_13	Signature_14	Signature_15	Signature_16	Signature_17	Signature_18	Signature_19	Signature_20	Signature_21
A[C>A]A	0.0111679000938258	0.0104140679578184	0.0104967745605896	0.0241059753379662	0.0366960279931562	0.0149614290450686	0.00170265296616023	0.000401220253847232	0.0369134948087889	0.0120515856947786	0.000697180140024225	0.000201536515273783	0.00773510866966289	0.000698932514441152	0.000100362449535082	0.00130535177282448	0.0161736417771942	0.00180030743078997	0.0501451324883764	0.0107612810745228	0.00130667699267207	0.000100372483723982
A[C>A]C	0.00903443770042324	0.00917127718115161	0.00600559731207362	0.0194867536534771	0.0305945786167033	0.00880109316089176	0.00276181797507951	0.0004939155097771	0.0283516960896526	0.0066267037010849	0.000980859425613708	0.000992392679339186	0.00464979016739832	9.83324832852629e-05	0.00415126392622413	0.00395552382708382	0.00959651354683446	0.000295498462970649	0.0075064081289587	0.00732945562027165	0.0023757237335188	0.000691946494595466
A[C>A]G	0.00153604378241128	0.00164537876813531	0.00133465421194317	0.00195986386340445	0.0188945312407245	0.00226865432707956	0.000514287608609732	0	0.00175123772875906	0.000515693657054631	0.000306850658851259	0	0.00175381368198922	0.000102540644441087	0.000515347406814332	0	0.00226967389639244	0	0.00175092094664197	0.000516427118455494	0	0
A[C>A]T	0.00627929600674609	0.00670623518745234	0.00369730437114343	0.0172686672987384	0.0244202090176875	0.00923403561969404	0.00190216299315623	0.000401051142274603	0.0300798391508619	0.0068263534195174	0.00915907686752584	0.000201451569021161	0.0046190263017406	0.000199610834057683	0.0296947636464106	0.00572105306420161	0.008836525301109	0.00319919753530992	0.018144886791111	0.00743924439143326	0.0029136662217195	0.000601981064481891
A[C>G]A	0.00179484108650771	0.00510689871008401	0.0047985255134124	0.0216953778041695	0.00975209511051	0.0117482362300203	0.00130202873882841	0	0.00852621483355178	0.00482063427791144	0.000497985814303018	0.00070537780345824	0.00311413465921493	0.00179725503713439	0.000100362449535082	0.00110452842315918	0.00482195531245541	0.00160027327181331	0.00140406370967454	0.0058332177787133	0.000502568074104644	0.000501862418619909
A[C>G]C	0.00255321065446744	0.00424048299773677	0.00305202486351282	0.0107820109047158	0.00534662538932679	0.00721887416567526	0.00118363627503408	0	0.00365509670842211	0.00227483858395452	0.000294257827684113	0.000297717803801756	0.00148397558533989	0.00137665476599368	0	9.88880956770954e-05	0.00237439510437141	0.00157599180251013	0.00167906497621445	0.00188188725385353	0.00217774675572557	0.000790795993823389
A[C>G]G	0.000614417512964512	0.00123403407610148	0.000205331417222027	0.00391972772680889	0.00320071294241781	0.00237177497831045	0	0	0.000824111872357204	0	0	0	0	0.000717784511087611	0	0.000618720206355306	0	0	0.00278087444466666	0	0	0
A[C>G]T	0.00299014095559338	0.00540502537496159	0.0061954830002944	0.0208830395240558	0.00542671311504166	0.0117432844293935	0.00180204915141117	0.000100262785568651	0.00812155657073271	0.00381472691090678	0.000199110366685344	0.000906532060595226	0.00251034038138076	0.00139727583840378	0.00010032014745409	0.00100369352003537	0.00733029939751087	0.00119969907574122	0.00431066371280536	0.00723818373220534	0.000602827494148863	0.00180594319344567
A[C>T]A	0.0296148779273773	0.0265358462386718	0.00739772683317746	0.0185816893230156	0.0120644475593938	0.0219902883279867	0.0312486897318819	0	0.0229706258456866	0.00933997891345342	0	0.0226728579683006	0.0121551707666131	0.00129801752681928	0.0294061977137789	0.0117481659554204	0.0135617493162808	0.00950162255139152	0.00351015927418635	0.0222265711913041	0.0297520299869949	0.00511899666992308
A[C>T]C	0.0141408590093581	0.016271620805269	0.00354428693827295	0.00939716546741283	0.0074258685962872	0.012657751961732	0.0160777260692129	0.0194602710852177	0.00632232944159501	0.0055387374218023	0.00313875016196387	0.109063955459377	0.0053423121072236	0.00157331973256421	0.0317275171504273	0.0167120881694291	0.00751891783050947	0.00423547796924597	0.0013827593921766	0.0201064796069614	0.0220744330239455	0.00612866895213127
A[C>T]G	0.175108991194886	0.0692087444346913	0.00492795401332864	0.00206301459305731	0.00289096652863544	0.0171180281043276	0.0933946297235273	0.000103010547440496	0.0301830973250826	0.0128923414263658	0.0128877276717529	0.00745100893055367	0.00196014470339972	0.00410162577764349	0.0511224627559817	0.0318640906272983	0.00361084483516979	0.00965519080548775	0.00926958148222219	0.0380090359183244	0.0351996308713515	0.02638842526707
A[C>T]T	0.0126582633786786	0.0190176818748649	0.00459664867763778	0.0147586865867125	0.00592918655161959	0.0165610421440165	0.0149169624200147	0.00431129977945198	0.0208553551445976	0.00762945382181356	0.00467909361710559	0.064363776302261	0.00672771222210044	0.0011976650043461	0.0277886808447829	0.00662437723223344	0.0101419210842274	0.00579854553274923	0.00481190367941064	0.0267410676773142	0.0182857673225155	0.00300990532240946
A[T>A]A	0.00395233265628266	0.00456441266425674	0.0020802995136444	0.00965439808588562	0.00478197645292395	0.00865657434855337	0.000595481769515396	0.000993946157132431	0.011231966280277	0.0120417143122078	0	0.000199707211146434	0.0057735600836919	0.000197882415004105	0	0.00208950544730186	0.00806319131957473	0.000594655474254625	0.00288201859497588	0.00109625827420585	9.96012740959893e-05	0.00825529819332985
A[T>A]C	0.0021901387208961	0.0119967541582659	0.00239537359405471	0.00882452999146103	0.00391458967330803	0.00731821415269845	0.003299792285779	0.000801139765771203	0.00941370629432149	0.00421121760035443	0.000198871435229193	0.000100604914066888	0.00651905276185159	0.000598113906129472	0.000801598110182882	0.00902240183493822	0.00732150307445532	0.00189724411773254	0.000801021569795429	0.00532171376690455	0.00190666299642641	0.029261256255383
A[T>A]G	0.00276749728064829	0.00794058920563218	0.00287369215743112	0.00786531700997549	0.00996556366390524	0.0113466415189678	0	0.000894831039784638	0.0104400437498558	0.00676935880012106	0	0.000699193630494451	0.00458046110743105	0.00059383272726454	0	0.000895782129994177	0.00796613395088519	0.001090542331126	0.00437408410309568	0.0044860941608669	0.00019926478807871	0.00268629750712522
A[T>A]T	0.00820834868739845	0.00893827648543581	0.00247873892331361	0.00986217870398124	0.00299138048170759	0.0108551921085703	0.00526474443829316	0.00348189049362189	0.0262642787714995	0.0184271801866567	0.00118536587459147	0.000299825944871519	0.00597793449177894	0.00128737408837862	0.000895855509477209	0.00786747749446378	0.00836922872268597	0.00198393925918859	0	0.00329168557309614	0.00528353962141118	0.00428062647744918
A[T>C]A	0.0138331642969893	0.0319508886497972	0.00505215596170784	0.0137351230500228	0.00836845879261691	0.0350243008125378	0.00744352211894245	0.000496973078566215	0.0163012607961542	0.0250786116254245	0.00305948735783688	0.000599121633439303	0.0463875689482832	0.00296823622506157	0.00258573850353839	0.0114425298304626	0.0713741750140133	0.00267594963414581	0.00188821907946695	0.0144506772508953	0.0164342102258382	0.0263572773642459
A[T>C]C	0.0062717608825661	0.0114968894016715	0.00179653019554103	0.00892480874136399	0.00200748188374771	0.0138344322338683	0.00559964751526134	0.0001001424707214	0.00751093587312885	0.0105280440008861	0.00517065731595902	0.00150907371100332	0.0317929188539532	0	0.00460918913355157	0.00731817037722767	0.0171503702155049	0.00818810619231938	0.001401787747142	0.00481966529832865	0.0207725915926456	0.0165346139799253
A[T>C]G	0.0100815972366473	0.0179655830777428	0.00247732082537166	0.0127438047756565	0.00807210656776325	0.0283666037974194	0.0215433196692442	0.000695979697610274	0.00845146398797852	0.0175206933650192	0.00256682339619573	0.000799078434850801	0.0484931425938896	0.000791776969686054	0.00348188939162819	0.00726578838773055	0.0346526826863506	0.00446130953642454	0.00347938508200793	0.0134582824826007	0.0577867885428259	0.0222863200591129
A[T>C]T	0.00909841059326093	0.0304894542336533	0.00684131942834556	0.0174331441737042	0.00358965657804911	0.0269885968937849	0.00228470041661779	0.00109430844085259	0.0196982090786246	0.0246027757086714	0.00395121958197156	0.000299825944871519	0.0249080603824123	0.00128737408837862	0.00248848752632558	0.00627406433102808	0.0495179366092253	0.00307510585174232	0.00537126705311917	0.0159596876271328	0.0079751541455263	0.0188148466101836
A[T>G]A	0.00158093306251306	0.000992263622664509	9.90618816021145e-05	0.000796239017392629	0	0.00328352820117542	0	0	0.00536748831092881	0.0333386305337985	0	0	0.00119452967248798	9.89412075020523e-05	0	0	0.00517636973602328	0	0	0.00139523780353472	0	0
A[T>G]C	0.00179193168073317	0.000899756561869946	0.000499036165428065	0.00100278749902966	0.000200748188374771	0.00220548919670364	0.00169989299570433	0	0.000801166493133744	0.00511362137185896	0.00397742870458386	0	0.00100293119413101	0	0.00200399527545721	0.000601493455662548	0.0042123716318784	0.00649057198171658	0.00110140465846871	0	0.000401402736089771	0.00310650323259203
A[T>G]G	0.00138374864032414	0.00367252250760489	0.00168457816125273	0.00806443895959512	0.00149483454958579	0.0054742568731862	0.00069494579578207	0.000894831039784638	0.00606516827372577	0.00517656849421023	0.00148085965165138	9.98848043563501e-05	0.00179235434638606	0	0.000696377878325639	0.00119437617332557	0.00607417713754996	0.00346990741721909	0.00278350806560634	0.000996909813525979	0.000697426758275484	0.00159188000422235
A[T>G]T	0.00316466455417772	0.00357531059417433	0.000594897341595266	0.0063755498692404	0.000199425365447173	0.00368478998180827	0.00288070922095286	0	0.00417840798637492	0.0192240312217554	0.0135329270682526	0	0.00298896724588947	0	0.0055742120589693	0.00288806135872721	0.0075721593205254	0.0303542706655854	0	0.00169571681038286	0.000398757707276315	0.00179189015335082
C[C>A]A	0.00660585746971262	0.00891108274283824	0.00602972221077059	0.0192670886178431	0.0458276954302566	0.0096307351982945	0.0100022911153311	0.00119015904588598	0.0300525184774547	0.00973172709619927	0.00305287877733117	0.000697465432434407	0.0134094313587404	0.00345546220789201	0.00555725311971933	0.0105242456137949	0.0157935575381299	0.00098895166893759	0.0956945029230486	0.011137792398666	0.0176907315823667	0.00198493168970852
C[C>A]C	0.00724711055460558	0.00462236882330281	0.00117822297263869	0.0158825053950018	0.0606281385489623	0.00493101680352846	0.0237068542574558	0.000591090224089976	0.0199992197668738	0.00562234475089972	0.000880377928324857	0.00168248941253971	0.0110502826359454	0.00107872205658724	0.0100542827306467	0.00828405867675402	0.00986646576170839	0.000392928770740094	0.0215716101470082	0.0157056889068252	0.0370199501015333	0.0013801375621689
C[C>A]G	0.00089551173114515	0.00129898965642063	0.000598539882132574	0.00180410264742551	0.00882844343192409	0.00280556356403405	0.00909481527999074	0	0	0	0.000695697238943753	0.00100553923708616	0.00280678403835479	0.00139489177212601	0.000901340808840105	0.00150297149033176	0.00220536205127207	0.000299413029944453	0.0192147739657204	0.00180645844143479	0.0132395765723139	0.00270429277336761
C[C>A]T	0.00719764280967393	0.00970347020538657	0.00108735958967408	0.0155929056672639	0.0429461141095866	0.0110210689788745	0.0565493033536354	0.00128937766293875	0.0293591169927159	0.00903687494519273	0.0157572665936013	0.00139497273053058	0.00705257926418099	0.00108603500207484	0.124744229005695	0.0226377360027734	0.00834401666563325	0	0.0400639787459443	0.00954696572061365	0.105750018714125	0.00555797553611045
C[C>G]A	0.00128173353889946	0.00207925263999559	0.0041516120139732	0.0151951781367525	0.0104379783517938	0.00754573067082868	0	9.91799204904984e-05	0.00535589438212064	0.00178746007889374	0	0	0.00188725330234124	0.00513382956601099	0	0.000893568023812771	0.00397322202217104	0.00187900817098142	9.91652880031592e-05	0.000198889149976179	0	9.92465844854261e-05
C[C>G]C	0.000685537484895123	0.00304879645792313	0.00176733445895803	0.0122324886272064	0.00957806097597612	0.00759376587743383	0	0.000394060149393317	0.00384221463501516	0.00197275254417534	0	0.000197939930887024	0.00187460151859788	0.000392262566031725	0	0.000295859238455501	0.00493323288085419	0.000687625348795164	0.00384151961522065	0.00276578169428368	0.000592319201624533	0
C[C>G]G	0.000497506517302861	0.00119906737515751	0.000199513294044191	0.00290660982085222	0.00632036291149111	0.00260516616660305	0	0.000600550288480964	0.00110104559371225	0	0	0.000804431389668929	0	9.9635126580429e-05	0	0.000400792397421803	0.00280682442889172	0	0.00580446296881136	0.000200717604603866	0	0
C[C>G]T	0.00138036985391007	0.00366355507754391	0.00434943835869631	0.0216512957672837	0.00934475631088226	0.00943244642336107	0.000198071115074029	0.000297548691447403	0.00684384821789662	0.0038729464050826	0	0.000199281818647226	0.00188730994393576	0.00404794864409711	0	0.00168790136862784	0.00794668253869833	0.0008900832150555	0.0057517593249128	0.000795580476717804	9.93891153328241e-05	0.000297748689434489
C[C>T]A	0.0208035212852144	0.0245549835580431	0.0134433150928656	0.0151951781367525	0.0208759567035876	0.0227364779423654	0.00841776975052615	0.0747816600498357	0.00525671115282211	0.00973172709619927	0.00118175952670884	0.0308877548649523	0.0185745456598848	0.0053312845493191	0.00595419977112786	0.00506355213493903	0.020859415616398	0.021361356049052	0.00654490900820851	0.0435567238447833	0.0109324745733727	0.00337438387250449
C[C>T]C	0.0182157103129275	0.0179977339290301	0.00598930011091332	0.00966761197956633	0.0142189771189749	0.0173571791484202	0.00973850029663124	0.0992046426097676	0.00246295809936869	0.00680599627740493	0.00234767447553295	0.150236407543251	0.00927434435516846	0.00196131283015863	0.0164614236864509	0.00867853766136136	0.00966913644647422	0.00383105551471591	0.00344751760340314	0.0743797719927003	0.0183618952503605	0.00897089415409788
C[C>T]G	0.0945262382875436	0.0446652597246171	0.00488807570408268	0.00220501434685341	0.00762456478211626	0.0129256321342997	0.0900486655744138	0.0208190766673401	0.0130123570165993	0.00761643626073186	0.0108329998635527	0.0135747797006632	0.00461114520586858	0.00428431044295845	0.0293436507766834	0.0155307054000949	0.00160389967365241	0.0133737820041856	0.0187143892270297	0.02388539494786	0.0464388178256161	0.031850559330774
C[C>T]T	0.0169588296337523	0.0223773904736466	0.0101816397942209	0.016387448631201	0.0199818725370993	0.020354226492516	0.00861609350572027	0.0781561229535179	0.0160681653811486	0.00963271285366698	0.00423476539703036	0.0813069820080683	0.0203630809740437	0.00325810500622451	0.0184585732657592	0.00953167831695722	0.0209593751958168	0.00969201723060433	0.00188419702023006	0.115259721564492	0.0139144761465954	0.00396998252579318
C[T>A]A	0.00118949500773546	0.00139361555097261	0.000298136882368157	0.00708924025747481	0.00749575421199321	0.00499096694207743	9.95646331807635e-05	0	0.0093733121316337	0.00549102621107281	0	0.000400692875703573	0.0016976669570817	9.92579004333292e-05	0	0.00159709986801152	0.00539266675890414	0	0.000299094146467828	0.00429908995933724	0	0
C[T>A]C	0.00188906612804075	0.00439318818625127	0.00159487487368841	0.0133200289787463	0.0111272856048312	0.00620752619445651	0.00259651375978732	0.0014002028433143	0.0132023529605605	0.00490680828303435	9.93086389306712e-05	0.00110523975266997	0.00861418526751329	0.000995582529231694	0.00340243809373275	0.0043051940274289	0.0128212974562922	0.0102719159271031	0.00229999386343844	0.00531491262544403	0.00461023205659569	0.00370302340911872
C[T>A]G	0.00148689489162573	0.00278728008797788	0.00318018263649681	0.0114827740560674	0.0341812399368931	0.0104812147841523	0.000796531064361002	0.000698001586730054	0.0120658585229833	0.00509176833733814	0.000297032338766866	0.00060104987691748	0.00309580003584439	0.000397038579627255	0.000199543121199816	0.00269515339418918	0.0129825740678723	0.00447427007714526	0.00648048706706521	0.00209959246156178	0.001199062030711	0.0024945383928005
C[T>A]T	0.00219500830759146	0.00601171395909388	0.00250072864894834	0.0163817789178941	0.0115686857541085	0.00984629570725267	0.00110237636418568	0.00180657232138834	0.0205755378494905	0.00693381145163393	0.000896911240085515	0.000403314402059412	0.00542787008106098	9.99072935665472e-05	0.00200845098807387	0.000703302629251338	0.00964968567089811	0.0315242463499765	0.00381331222153009	0.00221392481436147	0.00251434513028955	0.00100432589601349
C[T>C]A	0.00416323252707412	0.00796351743412918	0.00168944233341955	0.0076883309834586	0.00519705625364862	0.0142741654543414	0.00617300725720733	0.000997127599222948	0.00608268127691123	0.0153748733910039	0.000495045197446208	0.000100173218925893	0.0311571818005582	0.000794063203466633	0.000598618842777488	0.00319419973602305	0.014580173088889	0.0074569857375244	0	0.00659860319340134	0.0147881718076163	0.0218517722725377
C[T>C]C	0.00526950025190314	0.00978482823301418	0.00189391391250498	0.0139209325416972	0.00260639122275324	0.0126152951693794	0.00399463655351895	0.000800115910465315	0.0108019251495495	0.0118163954571031	0.00188686413968275	0.000401905364607261	0.0385635038138676	0.00109514078215486	0.00530380055787752	0.00500603956677779	0.0194322789571929	0.0400903903174317	0.00339999092856117	0.00701969592039778	0.0196435974585382	0.0100081713759965
C[T>C]G	0.00703796915369512	0.011845940373906	0.00109318778129578	0.00888666861730436	0.00999451460143073	0.0188661866114742	0.0268829234221838	0.000997145123900077	0.00807714496166649	0.0153751436068642	0.00148516169383433	0.000100174979486247	0.0414437746734007	0.000397038579627255	0.00159634496959853	0.0127770234983783	0.0189745313299673	0.0288341849416028	0.00249249502579431	0.00399922373630816	0.078938250355141	0.0210539040352362
C[T>C]T	0.00678457113255543	0.0159310419915988	0.00360104925448561	0.0117587002048688	0.00543225244105964	0.0191902293886251	0.00330712909255703	0.00451643080347085	0.011943848800436	0.0276347557854975	0.00199313608907892	0.000907457404633678	0.0325672204863659	0.000399629174266189	0.00271140883389972	0.00351651314625669	0.0264361180358979	0.102879127770717	0.000903152894572917	0.005333546143689	0.011063118573274	0.0204882482786753
C[T>G]A	0.000297373751933866	0.000895895711339532	9.93789607893856e-05	0.000698939180314418	0	0.00199638677683097	9.95646331807635e-05	0	0.00279205042218876	0.0215647574834859	0.00217819886876332	0	0.00129821590835659	0	0	0	0.000199728398477931	0	0	0	0	0
C[T>G]C	0.0020879151941503	0.0022964392791768	0.0011961561552663	0.00570858384803411	0.00130319561137662	0.00350424865816093	0.00399463655351895	0.000800115910465315	0.0012002139055055	0.00640889245131018	0.00178755550075208	0.000100476341151815	0.00490808230358315	0.000199116505846339	0.00200143417278397	0.00190229503537556	0.00821364368293719	0.0194468311241273	0.00239999359663141	0.00110309507320536	0.00912024167717843	0.000500408568799827
C[T>G]G	0.00158602121773411	0.003185462957689	0.00139132990346736	0.00958562008158673	0.00459747671665814	0.00718711870913302	0.00497831915225626	0.00089743061151007	0.00598307034197518	0.0125796629510707	0.00366339884479135	0.00110192477434871	0.00449390327783863	9.92596449068138e-05	0.000498857802999541	0.000698743472567565	0.00669101894267267	0.0133233820074992	0.00638078726603344	0.00129974771430015	0.0166869465940615	0.00039912614284808
C[T>G]T	0.00279364693693459	0.00711386151826109	0.00110032060553727	0.0104521779598834	0.00120716720912437	0.0116547990004215	0.00861857884726984	0.00130474667655825	0.00772837275322328	0.05114942070843	0.0181375384106182	0.000907457404633678	0.00633251509457114	0.000599443761399283	0.00632662061243269	0.00452123118804432	0.0186962659873651	0.259299435850124	0.00210735675400347	0.00191202597603945	0.0017097546885969	0.00321384286724318
G[C>A]A	0.00824475242495137	0.0168585338353036	0.0092618032007206	0.0107063952705216	0.0376582442658194	0.0119036404213025	0.00239460832962806	0.00029977136189342	0.0266805412863021	0.0118056793605884	0.00138906008561694	0.000401540883180368	0.00620459463489803	0.000895211686491321	0.00179965719426795	0.00240071984210803	0.00960725252289548	0.00657603526794222	0.140472117360328	0.00320609365601825	0.00120157855102392	9.99909512843943e-05
G[C>A]C	0.00568220749897246	0.00659170053172051	0.00422348177375874	0.011546089664902	0.0394125638683261	0.00917498483917064	0.00570743283440155	9.85504144234654e-05	0.011333675756464	0.00907792044418206	0.00215280773875513	0.00099005505884829	0.00552712541445994	0.00039240342881415	0.0112411748163868	0.00976686092199643	0.00927780831160712	0.00127747708646619	0.0149774529711447	0.0030632150630086	0.00335768079729636	0.00374743290119285
G[C>A]G	0.000600731931432367	0.00150818388625711	0.00110416817452047	0.0010085314260338	0.0229154304946495	0.00282306455621172	0.00211189577776366	0	0	0	0.000200010562919027	0	0.00151301391632248	0.000200513292950267	0.0011085107444824	0.00131070070367059	0.00363128565380586	0.00130554994409678	0.00976801869845043	0	0.00413794503910417	0.000302351338049342
G[C>A]T	0.00444749851458339	0.00803936760287504	0.00267534710010947	0.0134399308778241	0.0257096225301507	0.0103507054152321	0.00863666890813818	9.94197478774211e-05	0.0201828821313587	0.00846119440081157	0.00868719239255208	0.000599273122764415	0.00268837135233089	0.000989662250208895	0.0732147978017275	0.030753354245974	0.00627295675736493	0.00307316347722081	0.0763431014455313	0.00717732304827674	0.0133499454409067	0.00228819118067528
G[C>G]A	0.000596006199394075	0.00229435667581054	0.00248973204320446	0.0111066343460552	0.00701084334736	0.00560171313943647	0	0	0.00329759499044183	0.00110052943191926	0	0	0.00120088928417381	0.000994679651657024	0.000199961910474217	0.0022006598552657	0.00310234196051833	0.00129527967398862	0.000899181405578204	0.00200380853501141	0.00140184164286124	0.000399963805137577
G[C>G]C	0.00235125827543688	0.0028531241107447	0.00225907164642909	0.00888160743453999	0.00898883035593403	0.0053274105517765	0.00295212043158701	0.000394201657693862	0.00246384255575305	0.00286151840088347	0.000195709794432284	0.000198011011769658	0.00108568534926892	0.00107910942923891	9.86067966349716e-05	0.000493275804141234	0.00315840282948328	0.000196534936379414	0.000295607624430488	0	0.00187635103378326	0.00414189952237104
G[C>G]G	0	0.000201091184834282	0.000100378924956406	0.00110938456863718	0.00625884004699677	0.00110906107565461	0	0	0	0	0	0	0	0	0	0.000604938786309504	0	0	0.000503506118476826	0	0	0
G[C>G]T	0.000889499702916678	0.00357305226794446	0.00386439025571367	0.0163270271404678	0.00597898198375598	0.00607108683008805	0.00168762495906148	0	0.00437461484620582	0.00437991239571423	0.00039487238147964	0	0.000896123784110295	0.00128656092527156	0.000298429882343998	0.00179145752889169	0.00288755152323148	0.0017844175029024	0.00149107620010803	0	0.00119551750217075	0.000397946292291352
G[C>T]A	0.0248335916414198	0.0230433213961842	0.00547741049504982	0.0181108181678918	0.00871347673171885	0.0202061795386816	0.0651533016352968	0	0.00359737635320927	0.00620298407081762	0	0.026200542627519	0.0124091892697961	0.00377978267629669	0.0556893920670694	0.047614276868476	0.0125094433891868	0.00209237485798162	0.00319708944205584	0.0374712196047133	0.0545716925256698	0.0162985250593563
G[C>T]C	0.0266475937882846	0.0249894318665225	0.00284839468462799	0.00967108365094355	0.00790226844477717	0.017955346674506	0.0760663031205586	0.0206955870289277	0.00246384255575305	0.00680844033313654	0.0131125562269631	0.0965303682377083	0.00908027746661275	0.00225631971568136	0.0609390003204124	0.132691191313992	0.00908040813476442	0.000294802404569121	0.0050253296153183	0.0606714209253962	0.0522415629932286	0.038657728875463
G[C>T]G	0.102725160274935	0.049267340284399	0.00200757849912813	0.000907678283430418	0.00232182775936977	0.0134095566420057	0.134658497448835	0.000201432165640139	0.0178273413892372	0.00887404422178354	0.0270014259940686	0.00910630575204212	0.00231995467169447	0.00320821268720428	0.0985566825548899	0.184405506693347	0.000907821413451464	0.00763244582702734	0.0134939639751789	0.0280737845349221	0	0.00191489180764583
G[C>T]T	0.0174934941573613	0.0229270853859769	0.00406256411498104	0.0116479400941142	0.00817127537779984	0.0195070986671682	0.0520185575616598	0.0160065794082648	0.00526942242838428	0.0100538898174349	0.0150051504962263	0.0521367616805041	0.0114504705747427	0.00237518940050135	0.0552095282336396	0.0796203346174083	0.0115502060929259	0.000892208751451202	0.00159048128011524	0.0914111838231913	0.0490162175890008	0.0165147711300911
G[T>A]A	0.000689854952858211	0.0016824502794848	0.000395214446647154	0.00446716741929871	0.0068561693118937	0.00664917649132275	0	0	0.00624574349330441	0.00297776520616782	0	0.0002987798144511	0.00148926918167465	0.000197366504356254	0	0	0.00297858122548694	0	0.00208153789939353	0.00258440036892417	0	0
G[T>A]C	0.000493871143567949	0.0029757639105638	0.00118833247717995	0.00616872351414481	0.00517868728860888	0.00397866111880667	0.00277795623182154	0	0.00546500023190743	0.00288503505667314	9.8659092616198e-05	0.000299457471802247	0.00388088211538377	0	0.00248542928319367	0.00377970545361059	0.00398044919235082	0.00257595140916357	0.00149018499975139	0	0.0039826765136618	0.0141186497631632
G[T>A]G	0.00119509897631731	0.00200025882234081	0.00139786019233635	0.0086274221339304	0.0133550945112074	0.00681969343675128	0.00060020222237806	0.000601095169970196	0.00621152397627449	0.0028086014089409	0	0.000402580626616195	0.00190633150832902	0.000398902103591369	0	0.00260751424596356	0.00511706873653114	0.0035962162618751	0.00140234847090106	0.00160719773140791	0.000803126599328121	0.00310774585307695
G[T>A]T	0.00211181706815368	0.00222174009301947	0.00191559491364754	0.00891414392385599	0.00456270311512876	0.00516464515899756	0.00212119217350115	0.0010115942693434	0.0140616294477005	0.00364627106685823	0.000401781986732944	0.000101626566435514	0.0031406597698081	0.000100697968187483	0.000910955716219159	0.00435447869449392	0.00334333109169501	0.00393389061054726	0.0039446355936375	0.00527432690734383	0.00182465558389883	0.00415032427980846
G[T>C]A	0.0111362299532826	0.0114802489658963	0.00128444695160325	0.00804090135473768	0.00606125113080457	0.0162755961877154	0.0120765615117716	0.000198270956565282	0.00674143742134444	0.00903255445870906	0.00629989324806644	0.000995932714837	0.0568900827399716	0.000789466017425015	0.00773699122701969	0.0193519650743236	0.0159850525767799	0	0.000396483409408292	0.00387660055338625	0.000198683195748816	0.141462212290448
G[T>C]C	0.00691419600995128	0.00982002090486055	0.0007922216514533	0.00636771459524626	0.00159344224264889	0.00954878668513599	0.00585355063133825	9.93603257534818e-05	0.0056637275130677	0.00964994484473431	0.009964568354236	0.00159710651627865	0.0272656846055168	0.00098907073962729	0.0126259807586238	0.0496335005618864	0.00985161175106827	0.00970935531146268	0.00248364166625232	0.00298876384948698	0.00129436986694008	0.0661190288204473
G[T>C]G	0.00497957906798879	0.0101013070528211	0.000998471565954532	0.00692200147954881	0.00421739826669708	0.0142411245296865	0.0115038759289128	0.000300547584985098	0.00530985114100884	0.00942887615858731	0.00537167659586147	0.00191225797642692	0.0411366272849946	9.97255258978422e-05	0.00821966723238684	0.0154445074568611	0.0148495328040512	0.00469506011967027	0.00661107136281928	0.00602699149277966	0.0288121667508964	0.0886208817458072
G[T>C]T	0.0107602107758306	0.0146432869767192	0.0017139533437899	0.00871154974376835	0.002433441661402	0.0158990056855415	0.0042423843470023	0.00819391358168156	0.00718255892652329	0.0127619487340038	0.0124552415887213	0.00233741102801683	0.0410312002184607	0.000704885777312382	0.00870468795498307	0.00951909296005648	0.014386455000627	0.00827125718115066	0.00485493611524616	0.0100415069966738	0.000709588282627325	0.101531103723119
G[T>G]A	9.85507075511731e-05	0.00049483831749553	0	0.00357373393543897	0	0.00158786304270394	0	0	0.000198277571216013	0.00714663649480277	0	0	0	0	0	0	0	0	0.00158593363763317	0	0	0
G[T>G]C	0.000197548457427179	0.000892729173169141	0.000495138532158312	0.00457679486533325	0	0.0002983995839105	0.00158740356104088	0	0	0.000596903804828926	0.00197318185232396	0	0.000398039191321413	0	0.00188892625522719	0.00218825052577455	0.00318435935388065	0.00901582993207249	0	0	0.00308657429808789	0.000596562666049149
G[T>G]G	0.00119509897631731	0.00470060823250089	0.0016974016621227	0.017756438577973	0.00180745640001303	0.00601737656183937	0.00100033703729677	0.00170310298158222	0.0058107804939342	0.00501535965882304	0.000895279432643578	0.00100645156654049	0.00110366561008522	0.000299176577693527	0.00120287813156881	0.00371069335002506	0.00080267744886763	0.00479495501583347	0.0118197942547375	0.00431934390315876	0.00301172474748046	0.000400999464913155
G[T>G]T	0.00080450174024902	0.00222174009301947	0.000504103924644089	0.00698949921302344	0.000202786805116834	0.00334182922052783	0.00353532028916858	0.000910434842409063	0.00758721013365136	0.0187377818713548	0.00301336490049708	0	0.00324197137528578	0.00110767765006232	0.00384625746848089	0.0192407198128801	0.00445777478892668	0.0638500706788825	0.00323662407683077	0.00253573409006915	0.00364931116779767	0.000809819371669944
T[C>A]A	0.012365589981233	0.0134193514098007	0.0246946675297749	0.0138622016453989	0.0331802606417394	0.0148623739263354	0.0017028084580071	0.00100314223648809	0.0286908251055403	0.0222974696273722	0.0372527406415263	0.000906997141118721	0.006630698627252	0.035349243644262	0.000501858074813836	0.00572398815107796	0.0122569223259128	0.00180047184076248	0.064793427782751	0.00512967715260024	0.000703659558374664	0.000100381650068022
T[C>A]C	0.0112481111145944	0.0118954721997215	0.0137718826737326	0.0175468503341453	0.0539953208939575	0.0121288558925248	0.00289949839527495	0.00200262904016798	0.0166223755651449	0.00431101029182641	0.0102407519965877	0.00251484611177686	0.00992792632829271	0.0167453466721997	0.0166313306334766	0.00621474848886221	0.0145411114463254	0.00129797156433734	0.0392457382217316	0.00632511467277065	0.0042142649807855	0.000500993777886321
T[C>A]G	0.00232904403816564	0.00345750129911062	0.00284263414960999	0.00163203630576757	0.0106183222188209	0.0039769284974604	0.00111883558270783	0.000203727295320218	0.00183360682803183	0	0.00313548716902711	0.000102334039150035	0.00193832082627534	0.0039545600823704	0	0.00254929789013325	0.00408073414598664	0.00223456615502944	0.0159902332190603	0.00183843834283772	0.00112282983540184	0
T[C>A]T	0.0155231522335231	0.0192094599871384	0.0150609563847129	0.0182594109047852	0.0373613567507931	0.0184557891325917	0.00583445013453482	0.00130966713754987	0.0469480959146165	0.0324798144678347	0.308400598967415	0.000404835381432918	0.00494386377105687	0.0183519837077783	0.0520134516806615	0.0146233520033976	0.0158407710537593	0.00492226475932546	0.113319858124236	0.00878808341959263	0.0122153237896725	0.000403245364033081
T[C>G]A	0.00189472749712441	0.00200288827011951	0.128072344557254	0.0175788788981508	0.00321747981980503	0.00271137902710173	0	0.000200628447297619	0.00531683122585188	0.00331448872839316	0	0.000100777460124302	0.00241116313718254	0.226374958591927	0	0.000903787602801783	0.00502332882209541	0.000400104853502773	0.00220658732387078	0.000502909524764729	0	0.000200763300136045
T[C>G]C	0.00209035693280073	0.00359863024529389	0.033830929176778	0.0179479211989258	0.0105381202488207	0.00801907827604946	0.000199965406570686	0.00100131452008399	0.00490660483549457	0.00250640133245721	0	0.00110653228918182	0.00270761627135256	0.0594061108132799	0	0.00260618485016802	0.0064181457418264	0.000599063798924927	0.00840980104751391	0.00110438510159488	0.000100339642399655	0.000300596266731792
T[C>G]G	0.000303788352804214	0.000813529717437794	0.00558374565101962	0.00204004538220946	0.00316507681522547	0.0013256428324868	0	0.000305590942980327	0	0	0	0.000307002117450105	0	0.0107482915059298	0	0	0	0	0.00142588066921557	0	0	0
T[C>G]T	0.00320477981595316	0.00693954313671492	0.149304280960454	0.0304659784157189	0.00504883199335042	0.00675703755127673	0.000100593967836807	0.000705205381757625	0.0104776866418886	0.00494258046249658	0.000100032630219726	0.000809670762865836	0.00151342768501741	0.263646804195351	0.000100801262947018	0.00151276055207561	0.0170515306247473	0.00281272271961455	0.00332404917164427	0.0106063075753704	0.000504765445854237	0.00030243402302481
T[C>T]A	0.0144597624780547	0.0229330706928684	0.21155431778544	0.0106477780754513	0.00351911855291175	0.0111467804447515	0.00741222505250151	0.120577696825869	0.00642032449914189	0.00502195261877752	0.00368543156079271	0.0304347929575393	0.0138641880387996	0.151282780002986	0.00923418857657458	0.0112471346126444	0.0172802511480082	0.0164042989936137	0.0164491055052185	0.0219268552797422	0.010755938963727	0.00642442560435344
T[C>T]C	0.0177182635256443	0.0233910965944103	0.0510956806445733	0.0142380156997065	0.0070254134992138	0.0208496035177286	0.00669884112011799	0.289079501948247	0.00660889630903351	0.00842150847705623	0.0209786278765049	0.159843618864537	0.00952679799179603	0.0305004528672209	0.0283534130679149	0.0156371091010081	0.0131371420653009	0.0169734743028729	0.00480560059857938	0.0331315530478463	0.00782649210717308	0.00861709297964472
T[C>T]G	0.0767571904751981	0.0388460440076547	0.0270050244212949	0.00102002269110473	0.00112309177314452	0.00754596689261716	0.0397695193489782	0.101048738478828	0.00957550232416621	0.00479354900936949	0.216550904157647	0.00818672313200279	0.00102016885593439	0.0219021789177438	0.00958066098980262	0.0106050792229543	0.00367266073138798	0.0167592461627208	0.0135458663575479	0.00919219171418862	0.0249064072580044	0.0128434465565246
T[C>T]T	0.013820612956298	0.0268530147464186	0.104723850061704	0.00918014581400801	0.00777520126975965	0.0119004541947859	0.00472791648832994	0.0850276203147765	0.0146083131064794	0.00968342294693208	0.0392127910461325	0.096553238471751	0.00908056611010446	0.075213047982698	0.0230834892148672	0.00766465346384977	0.0194730497667232	0.0201913309515187	0.00151093144165649	0.0269703249773705	0.00989340273874304	0.00645192582452929
T[T>A]A	0.0053860422257674	0.00432706392749083	0.00196358693340182	0.00651044941168565	0.00444316329424737	0.00867806798068709	0.000196725555580145	0.000985091164777824	0.0189143813580808	0.0212058152786412	0	0.000296892051693742	0.00562346655847209	9.80597476466071e-05	0	0.000788910551905307	0.00838599185910542	0.000589357732882656	0.000886451246616266	0.00385210725833792	9.87139337563741e-05	0.00266153389893981
T[T>A]C	0.00202112963459472	0.00558162216153684	0.0024315795897977	0.00977226816198071	0.0046869972898205	0.00692000484161212	0.000812040858497612	0.00152484181475353	0.0100642917277773	0.00274813072749029	0.000807509482608142	0	0.0134387941677603	0.000505961982342515	0.00162742848028289	0.00193351919873827	0.00885751452580088	0.00263547070837325	0.00243938695609307	0.0048925143861315	0.00071307236995427	0.00457760022128707
T[T>A]G	0.00109909063192026	0.00230782156710703	0.000500868706788566	0.00674334830728287	0.00826090009332686	0.00714385253382751	0	0.00100510210040218	0.00673440873633859	0.0140889395707121	0	0	0.00372447224171468	0.000600310276948275	0	0.000603702236732808	0.00634176021079151	0	0.00190941224448925	0.00524047754463842	0	0
T[T>A]T	0.00388242847276083	0.00549838462336798	0.00289434253880491	0.0145400810446959	0.00451672933806075	0.0101249652522264	0.000699939683411925	0.00500700724906637	0.0241345800835971	0.013936801235309	0.00278413543207461	0.000804820620695087	0.00942733427638572	0.000697783351235806	0.00120236924042635	0.000300739743195168	0.00802337867131742	0.00379440011108307	0.00210263278737715	0.00853462575036813	0.00100348353446759	0.000801659635145544
T[T>C]A	0.00793217127794835	0.00835910076901638	0.00235630432008219	0.00897652873429386	0.00276463493864281	0.0167644495081455	0.00580340388961426	0.00226570967898899	0.00650181859184026	0.0153865450393862	0.00293441672189188	0.000197928034462494	0.049328654021685	0.000490298738233036	0.00177417855111775	0.00670573969119511	0.0242700470275286	0.00166984690983419	0.000196989165914726	0.00513614301111722	0.00394855735025496	0.0383458032106513
T[T>C]C	0.00485071112302732	0.0105543400872697	0.00151973724362356	0.0106884183021664	0.00163025992689409	0.0144505983457194	0.00355267875592705	0.00182981017770423	0.0075228039177325	0.0139442188765248	0.00979105247662372	0.000919129987309728	0.0348186939801062	0.000607154378811018	0.0056959996809901	0.0100746526671099	0.0186313236577191	0.0113527968976078	0.00701323749876758	0.00203854766088813	0.0115110254006904	0.0318397526502856
T[T>C]G	0.00839305573466383	0.00752550511013161	0.000801389930861706	0.00664270131762193	0.00362673662633862	0.0126778228065108	0.0106382552578595	0.00190969399076414	0.00291489333363909	0.0098622576994985	0.0064870560054243	0.000706820460866265	0.032211651820235	0.000200103425649425	0.0034193022583544	0.00392406453876325	0.0166093719806444	0.00601329822445646	0.00110544919417799	0.00574436961623826	0.0243740434800556	0.0250438642798332
T[T>C]T	0.00607251632919001	0.0140958587617252	0.00239531796314889	0.0108298534677735	0.00220817878749637	0.0173427622637145	0.00289975011699226	0.00240336347955186	0.0118169313272384	0.0309818099403631	0.0098439074205495	0.000503012887934429	0.0372078831546713	0.00119620003068995	0.00260513335425708	0.00471158931005763	0.0174508486101154	0.00718938968415739	0.00140175519158476	0.0038154797472234	0.00411428249131712	0.0274568425037349
T[T>G]A	0.00137099256655897	0.000885081257895852	0.000392717386680365	0.0031565815329385	0	0.00502933485244366	0.00088526500011065	0	0.00285685968429345	0.0495131128831529	0.00489069453648646	0	0.00187448885282403	9.80597476466071e-05	0	0	0.00670879348728433	0	0	0.00316070339145675	0	0
T[T>G]C	0.00131373426248657	0.00355194137552344	0.00141842142738199	0.00570048976115542	0.000305673736292641	0.00519000363120909	0.00192859703893183	0.00101656120983569	0.00315144488445551	0.00824439218247085	0.00928635904999363	0	0.00274884426158733	0.000404769585874012	0.0015257142002652	0.000407056673418584	0.00702492531356622	0.00973096876937815	0.00365908043413961	0.00183469289479931	0.000407469925688154	0.00183104008851483
T[T>G]G	0.00199834660349139	0.00290986197591756	0.00240416979258512	0.0099640519764329	0.00302228052194885	0.00603705847929085	0.00110396988524957	0.00100510210040218	0.00673440873633859	0.00885590487301906	0.00219561895568207	0.000302923054656971	0.00110727553132058	0.000100051712824712	0.000201135426962023	0.000905553355099212	0.00493248016394895	0.00450997366834234	0.000803963050311264	0.00110856255751966	0.000402876751736457	0.000301733304576304
T[T>G]T	0.00398197792078034	0.00849750350884143	0.00199609830262407	0.011331235572763	0.00110408939374818	0.0132326278543949	0.00719937960080837	0.00140196202973858	0.0112160704122941	0.0546442926132619	0.0629413474465438	0.000301807732760658	0.00320930528557812	0.000299050007672488	0.00250493591755489	0.00330813717514685	0.0163476340428092	0.0571157069352504	0.00150188056241225	0.00130529570299748	0	0.000300622363179579
