MutationType	carc2	carc1	carc3	carc4	Sample_1	Sample_2	Sample_3	Sample_4
A[C>A]A	72	139	43	121	175	183	188	208
A[C>A]C	63	115	45	122	135	138	148	161
A[C>A]G	46	61	28	76	125	96	104	130
A[C>A]T	77	114	34	106	126	170	172	153
A[C>G]A	24	26	9	56	52	30	37	56
A[C>G]C	22	14	5	58	20	30	29	39
A[C>G]G	15	14	4	24	26	24	25	27
A[C>G]T	33	12	3	42	26	28	24	22
A[C>T]A	218	155	102	156	96	80	80	103
A[C>T]C	177	134	98	170	70	51	58	66
A[C>T]G	97	61	36	124	67	47	47	52
A[C>T]T	158	100	65	75	52	21	25	33
A[T>A]A	8	3	3	5	1	3	1	1
A[T>A]C	18	1	2	30	0	1	1	1
A[T>A]G	30	7	4	22	0	2	3	2
A[T>A]T	10	3	1	20	1	1	1	2
A[T>C]A	7	1	1	9	1	0	1	6
A[T>C]C	25	2	6	33	2	0	0	0
A[T>C]G	22	0	2	37	2	1	0	2
A[T>C]T	6	1	5	9	0	1	2	1
A[T>G]A	0	0	1	2	0	1	0	1
A[T>G]C	1	1	0	2	1	0	0	0
A[T>G]G	3	3	1	4	3	0	0	1
A[T>G]T	2	0	0	2	1	0	0	0
C[C>A]A	177	302	115	311	439	335	355	497
C[C>A]C	176	298	114	353	506	419	451	576
C[C>A]G	121	184	52	182	277	224	227	308
C[C>A]T	192	330	107	352	440	364	408	554
C[C>G]A	30	64	14	78	81	76	79	111
C[C>G]C	29	59	19	100	126	93	97	113
C[C>G]G	16	42	10	41	67	50	54	67
C[C>G]T	34	70	17	110	91	73	82	105
C[C>T]A	334	225	171	245	144	100	104	172
C[C>T]C	265	238	144	233	245	136	140	252
C[C>T]G	149	121	88	165	147	114	114	111
C[C>T]T	262	266	116	201	271	134	148	280
C[T>A]A	28	5	5	10	3	3	2	3
C[T>A]C	49	8	8	57	9	4	5	9
C[T>A]G	102	14	18	50	4	4	4	5
C[T>A]T	67	9	15	62	7	3	6	3
C[T>C]A	13	2	3	17	2	0	0	2
C[T>C]C	71	14	16	118	4	1	1	2
C[T>C]G	61	5	22	98	3	3	3	6
C[T>C]T	28	6	8	44	6	2	4	4
C[T>G]A	1	0	0	1	2	1	1	1
C[T>G]C	0	2	0	4	0	1	0	1
C[T>G]G	11	1	3	13	2	4	3	2
C[T>G]T	2	0	3	4	4	2	2	0
G[C>A]A	100	148	70	158	205	212	213	259
G[C>A]C	86	147	67	134	175	137	142	196
G[C>A]G	75	112	36	107	168	158	164	198
G[C>A]T	96	171	81	200	192	179	202	201
G[C>G]A	28	19	9	48	33	29	25	26
G[C>G]C	19	17	6	82	36	25	23	34
G[C>G]G	8	25	12	43	46	37	37	56
G[C>G]T	42	14	9	98	23	27	27	28
G[C>T]A	285	120	130	261	50	47	54	42
G[C>T]C	284	121	135	276	51	35	33	44
G[C>T]G	121	49	39	150	46	28	27	47
G[C>T]T	245	138	105	246	60	44	45	62
G[T>A]A	12	1	5	13	1	2	2	2
G[T>A]C	15	2	2	19	2	2	3	2
G[T>A]G	38	3	9	20	1	0	1	3
G[T>A]T	20	2	5	32	0	2	2	3
G[T>C]A	17	1	3	17	2	2	2	6
G[T>C]C	29	4	17	52	2	3	3	0
G[T>C]G	43	4	15	56	2	1	3	2
G[T>C]T	20	4	4	27	3	2	1	0
G[T>G]A	0	0	1	6	1	2	1	3
G[T>G]C	3	1	2	1	1	0	0	0
G[T>G]G	5	2	4	23	2	3	4	2
G[T>G]T	4	1	2	2	1	0	0	0
T[C>A]A	85	127	77	123	172	149	160	251
T[C>A]C	111	163	75	206	243	209	221	276
T[C>A]G	42	57	30	68	93	61	64	94
T[C>A]T	113	167	84	190	232	209	229	280
T[C>G]A	16	16	7	20	38	26	35	35
T[C>G]C	12	27	4	24	41	30	25	39
T[C>G]G	4	15	3	14	22	15	14	21
T[C>G]T	17	22	2	29	33	28	31	38
T[C>T]A	205	140	82	132	77	45	48	94
T[C>T]C	284	206	137	190	162	94	105	136
T[C>T]G	91	71	48	90	50	31	34	45
T[C>T]T	222	205	88	142	106	64	72	93
T[T>A]A	11	4	1	4	1	2	2	6
T[T>A]C	14	1	3	10	0	1	2	1
T[T>A]G	20	2	3	15	3	3	1	1
T[T>A]T	13	2	2	10	3	2	1	2
T[T>C]A	5	1	5	19	5	0	0	1
T[T>C]C	24	5	12	51	0	1	2	5
T[T>C]G	28	1	7	31	2	3	1	4
T[T>C]T	11	1	2	19	1	1	1	2
T[T>G]A	0	1	0	1	0	0	0	0
T[T>G]C	1	0	0	4	0	1	0	0
T[T>G]G	1	2	2	5	3	2	2	5
T[T>G]T	2	1	0	3	0	0	0	0