Mutation Types	PD4199a	PD4005a	PD3851a	PD4116a	PD4086a	PD4194a	PD4248a	PD4120a	PD4198a	PD3904a	PD3945a	PD4107a	PD3905a	PD4192a	PD4109a	PD4103a	PD4115a	PD4085a	PD3890a	PD4006a	PD4088a
A[C>A]A	58	74	31	128	31	28	64	165	58	122	243	210	94	48	122	112	228	61	110	198	34
A[C>A]C	36	66	34	138	19	24	43	55	72	112	163	176	69	42	133	50	169	51	91	173	18
A[C>A]G	13	12	9	15	8	6	7	20	12	13	24	33	11	16	12	7	21	7	9	33	3
A[C>A]T	37	64	21	142	23	13	35	65	45	107	155	176	65	40	96	44	158	49	87	192	26
A[C>G]A	23	56	13	102	18	8	25	191	37	52	130	126	66	60	95	30	128	18	100	164	15
A[C>G]C	19	34	15	71	14	5	18	72	27	42	78	85	41	26	72	28	74	18	46	96	11
A[C>G]G	2	16	8	22	0	1	4	18	8	18	19	61	15	28	25	9	21	7	18	56	2
A[C>G]T	26	79	11	103	22	8	31	170	32	63	116	118	71	43	104	33	130	25	101	156	16
A[C>T]A	38	61	41	127	28	24	56	345	75	127	168	191	65	51	162	99	179	62	99	170	46
A[C>T]C	30	49	17	63	18	19	21	133	29	54	80	68	34	39	87	52	89	28	62	85	15
A[C>T]G	121	108	75	79	57	81	75	213	204	94	150	157	84	120	328	242	194	128	95	152	125
A[C>T]T	40	78	20	94	23	11	22	162	46	96	171	176	53	36	113	60	149	28	79	170	29
A[T>A]A	12	25	14	95	17	11	24	112	64	40	131	65	39	34	68	29	79	22	53	58	12
A[T>A]C	29	36	19	62	19	14	21	66	36	31	92	66	30	34	61	32	74	30	40	63	10
A[T>A]G	22	32	21	60	14	9	19	57	36	49	150	91	40	37	65	29	99	29	36	100	10
A[T>A]T	27	34	26	97	21	14	51	53	86	63	182	121	58	42	186	53	141	38	51	121	14
A[T>C]A	28	72	27	135	37	27	60	89	94	100	201	169	54	51	179	72	173	56	89	126	20
A[T>C]C	22	34	19	67	18	10	21	40	25	37	63	95	31	24	73	27	80	22	44	99	10
A[T>C]G	37	61	20	96	40	15	34	84	52	52	127	115	53	40	118	49	120	34	72	107	18
A[T>C]T	32	89	45	113	50	19	39	87	60	73	205	180	79	59	157	69	203	64	104	156	27
A[T>G]A	6	16	11	33	13	3	9	30	50	23	55	53	25	28	47	22	51	13	37	52	4
A[T>G]C	7	7	5	23	6	1	6	23	23	10	27	23	9	24	19	7	18	9	20	21	1
A[T>G]G	3	38	5	46	11	2	10	31	14	28	72	71	42	29	44	10	67	7	39	87	5
A[T>G]T	2	32	9	41	11	7	22	31	24	22	60	45	34	29	43	27	48	8	71	43	5
C[C>A]A	37	66	24	163	30	14	42	135	62	99	199	178	86	45	136	64	184	36	108	175	38
C[C>A]C	27	77	19	159	17	10	21	86	40	72	173	167	55	28	81	32	139	33	66	147	12
C[C>A]G	8	5	6	28	2	4	7	25	8	7	19	29	17	15	15	12	16	3	10	32	4
C[C>A]T	27	46	27	124	22	7	29	82	40	84	180	188	64	20	112	66	149	23	67	153	25
C[C>G]A	20	56	11	79	9	5	10	219	21	56	105	93	42	36	72	28	100	8	61	106	8
C[C>G]C	14	49	6	70	6	3	15	61	17	41	89	82	30	26	44	21	93	16	47	74	7
C[C>G]G	4	14	4	22	6	5	6	39	10	19	17	39	7	25	23	11	24	2	9	43	0
C[C>G]T	36	67	9	98	16	16	18	250	31	85	140	116	42	41	111	37	149	15	90	130	19
C[C>T]A	81	60	41	109	19	34	42	687	67	91	122	123	58	59	127	88	132	42	71	96	21
C[C>T]C	41	41	17	80	24	26	44	207	45	77	103	85	48	39	97	63	100	39	47	61	15
C[C>T]G	97	65	64	69	49	46	44	324	98	57	60	105	40	69	195	148	107	67	53	88	49
C[C>T]T	69	86	34	146	36	25	36	396	58	113	154	185	72	48	141	104	148	49	102	158	33
C[T>A]A	8	26	5	80	10	3	25	37	25	26	87	88	42	24	41	16	88	8	40	65	3
C[T>A]C	21	41	12	85	13	6	16	46	27	51	114	103	49	32	42	21	106	27	57	111	8
C[T>A]G	14	45	11	86	13	4	21	30	31	40	98	115	56	28	40	24	87	15	64	90	5
C[T>A]T	13	54	22	97	12	7	18	34	28	57	134	165	59	34	71	37	158	20	70	168	14
C[T>C]A	16	37	10	67	12	9	18	32	28	42	96	80	34	33	84	27	72	15	42	91	10
C[T>C]C	21	42	15	80	3	11	24	60	39	47	108	161	53	36	76	29	119	17	42	105	17
C[T>C]G	20	39	17	64	21	8	31	94	27	40	104	70	50	39	82	26	76	16	57	76	7
C[T>C]T	16	49	12	87	20	12	17	65	27	55	127	120	46	24	89	55	142	21	78	79	10
C[T>G]A	2	18	3	32	6	4	12	11	15	21	22	42	16	12	28	15	39	5	26	39	3
C[T>G]C	7	15	9	20	5	4	11	27	15	26	47	39	21	21	24	11	60	7	28	41	4
C[T>G]G	15	47	8	53	11	5	11	32	17	39	76	77	31	30	68	19	69	13	53	62	4
C[T>G]T	11	30	17	62	16	5	21	31	35	24	93	76	35	26	76	51	157	19	86	77	11
G[C>A]A	40	41	36	86	18	14	27	113	42	57	112	168	53	56	110	65	132	46	52	135	44
G[C>A]C	27	40	15	103	13	12	21	51	48	77	103	92	40	18	57	40	123	23	53	85	9
G[C>A]G	9	5	4	10	3	8	10	22	3	5	14	15	3	12	15	9	17	6	9	11	6
G[C>A]T	34	40	19	90	17	7	20	52	31	49	101	125	44	31	82	60	136	23	45	97	22
G[C>G]A	16	25	6	61	11	8	9	72	24	37	61	66	26	23	40	14	48	13	50	68	8
G[C>G]C	15	26	10	72	11	7	6	46	26	31	62	58	30	16	43	19	57	11	28	54	7
G[C>G]G	4	9	2	10	3	4	4	19	3	8	13	19	9	9	9	1	12	1	13	24	0
G[C>G]T	22	52	7	88	19	4	18	112	26	41	85	94	38	28	69	18	91	14	60	124	4
G[C>T]A	60	58	24	79	18	32	40	334	58	80	116	108	50	36	94	70	134	38	68	99	23
G[C>T]C	47	45	24	62	18	26	28	167	43	74	99	83	38	35	87	64	93	27	59	75	17
G[C>T]G	90	56	58	60	40	51	49	253	99	55	119	124	69	99	250	150	114	81	65	108	61
G[C>T]T	52	53	19	93	21	19	40	217	45	71	117	103	62	44	97	71	105	35	64	104	15
G[T>A]A	7	24	9	51	10	5	9	34	15	25	58	67	20	19	27	11	57	3	20	63	4
G[T>A]C	15	21	6	46	9	9	5	25	19	21	64	43	22	13	29	11	58	10	32	40	7
G[T>A]G	14	26	8	47	6	5	9	43	20	29	69	57	30	19	35	10	54	8	32	55	8
G[T>A]T	11	35	13	78	8	11	13	25	18	39	90	106	42	29	46	22	108	15	45	83	2
G[T>C]A	23	38	13	70	17	8	28	47	43	33	72	73	46	33	78	27	91	25	41	77	17
G[T>C]C	15	22	8	45	11	9	20	38	27	27	41	68	20	24	47	19	63	13	35	59	11
G[T>C]G	9	29	13	50	15	16	16	61	22	17	56	68	24	32	55	17	52	22	35	52	6
G[T>C]T	26	31	14	68	17	13	39	43	55	38	85	69	36	31	91	41	103	39	47	74	11
G[T>G]A	6	20	5	28	3	1	11	19	14	17	32	29	26	13	22	4	38	7	40	50	4
G[T>G]C	4	18	4	26	7	5	6	22	5	15	28	25	17	12	13	7	28	3	12	24	3
G[T>G]G	17	37	15	54	12	4	19	86	20	33	62	88	30	32	29	9	77	14	54	59	2
G[T>G]T	10	34	14	39	7	4	14	34	23	23	51	69	29	23	35	18	75	18	49	51	6
T[C>A]A	181	160	38	163	36	25	61	1885	96	118	257	168	78	55	192	148	152	59	87	148	55
T[C>A]C	81	111	30	123	38	24	30	763	65	95	159	130	63	54	155	93	149	39	91	145	30
T[C>A]G	15	9	4	10	6	2	7	114	14	12	18	25	7	10	22	20	18	12	8	13	2
T[C>A]T	112	152	33	155	32	21	53	1046	104	123	288	234	91	52	289	152	255	73	113	167	72
T[C>G]A	758	437	14	277	141	67	48	10531	105	153	184	140	155	157	401	158	160	16	230	149	40
T[C>G]C	206	141	17	128	52	28	18	2069	45	86	159	132	93	91	246	74	145	26	135	118	22
T[C>G]G	25	21	6	24	11	2	9	384	2	9	7	19	10	21	20	9	13	2	19	32	1
T[C>G]T	937	639	28	393	167	68	69	13187	134	244	382	264	238	236	671	279	288	52	376	298	44
T[C>T]A	1346	470	56	254	156	89	101	18171	289	248	263	418	162	178	416	376	201	76	196	131	64
T[C>T]C	313	143	45	113	48	39	67	3561	119	165	166	237	73	67	261	183	156	64	140	86	41
T[C>T]G	219	58	45	55	36	43	41	1933	121	56	61	77	43	77	206	129	84	57	57	72	53
T[C>T]T	678	298	44	211	92	49	60	9261	190	219	234	369	119	111	374	277	194	74	147	138	63
T[T>A]A	25	34	21	97	24	14	37	67	104	59	130	94	28	42	164	107	126	51	70	97	15
T[T>A]C	13	27	9	60	11	11	9	29	28	34	99	69	35	8	53	21	76	17	36	84	5
T[T>A]G	11	17	13	39	7	5	8	29	17	36	49	55	30	18	48	14	61	14	33	56	7
T[T>A]T	16	54	19	117	16	16	30	52	58	78	165	184	64	32	123	41	138	34	74	200	12
T[T>C]A	16	47	21	67	15	9	24	49	66	40	114	81	42	26	88	49	106	32	40	91	13
T[T>C]C	31	40	6	60	12	12	20	53	65	30	78	104	38	29	89	30	60	28	55	99	12
T[T>C]G	14	25	12	46	13	4	20	36	24	30	49	63	19	17	49	34	66	6	24	49	7
T[T>C]T	26	55	16	64	19	15	40	61	55	49	98	116	51	35	90	65	126	43	62	94	16
T[T>G]A	5	29	6	43	12	3	14	30	21	25	53	64	24	19	39	19	62	14	46	53	8
T[T>G]C	6	20	5	37	6	4	14	19	12	20	50	56	16	25	24	20	33	9	26	41	5
T[T>G]G	8	33	8	69	12	9	11	30	26	30	85	71	33	40	41	22	80	16	47	87	8
T[T>G]T	22	51	21	93	27	10	28	73	43	50	121	107	56	62	83	66	132	34	77	130	10
