MutationsType	SBS96A	SBS96B	SBS96C	SBS96D	SBS96E	SBS96F	SBS96G	SBS96H	SBS96I	SBS96J
A[C>A]A	0.00218357	0.02474735	0.01942135	0.00621499	0.03096854	0.00625659	0.02489127	0.02539419	0.01473679	0.02051796
A[C>A]C	0.00008572	0.01786941	0.02612239	0.00778057	0.01723222	0.01424730	0.01177015	0.00811465	0.01562104	0.03620289
A[C>A]G	0.00013038	0.00527876	0.00581474	0.00042457	0.00003345	0.00000000	0.00549106	0.00501512	0.00426970	0.00181109
A[C>A]T	0.00040721	0.02083877	0.02612001	0.00646572	0.01825382	0.00332662	0.01300422	0.01390875	0.00747643	0.02756017
A[C>G]A	0.00238632	0.01200257	0.02210225	0.01812694	0.00180942	0.00887732	0.00710678	0.00991958	0.01759181	0.00514893
A[C>G]C	0.00066455	0.01015710	0.01282159	0.01059326	0.00584033	0.00728989	0.00752939	0.00811556	0.00388515	0.00390022
A[C>G]G	0.00013152	0.00181592	0.01540621	0.00291876	0.00223095	0.00239903	0.00000000	0.00189748	0.00116926	0.00000000
A[C>G]T	0.00184659	0.00822399	0.01917484	0.02339320	0.00800459	0.00345073	0.00834785	0.00822053	0.01041648	0.01444799
A[C>T]A	0.00417547	0.01224507	0.02057816	0.00214091	0.02936919	0.02493605	0.01556834	0.02246833	0.01195646	0.03217214
A[C>T]C	0.00127702	0.00439746	0.00829266	0.01044989	0.00784618	0.01017706	0.01363935	0.01027530	0.00621361	0.01715381
A[C>T]G	0.00207642	0.00349272	0.00000000	0.00338379	0.02986476	0.05709594	0.10002064	0.04140436	0.03567427	0.00692162
A[C>T]T	0.00190244	0.01914102	0.02310231	0.00862452	0.00496679	0.01425636	0.01972298	0.01614130	0.00397516	0.00550852
A[T>A]A	0.00118054	0.01819910	0.00235041	0.00759470	0.00420469	0.00932572	0.00242991	0.00994616	0.02263582	0.00907194
A[T>A]C	0.00071747	0.01367841	0.00669493	0.00763198	0.01150742	0.00448623	0.00827621	0.00812199	0.00839992	0.00947493
A[T>A]G	0.00042465	0.01883384	0.01063346	0.00377729	0.00436834	0.01085813	0.00707141	0.00658812	0.01093292	0.01133973
A[T>A]T	0.00015326	0.02331144	0.01062365	0.00629120	0.00688102	0.03152807	0.00557022	0.00728340	0.02654590	0.02322737
A[T>C]A	0.00050062	0.02280217	0.01156063	0.01141813	0.02043426	0.02640561	0.00794646	0.01258185	0.02144971	0.02694482
A[T>C]C	0.00017972	0.00632694	0.01641440	0.00926998	0.00735091	0.00498589	0.01079117	0.00727141	0.00260213	0.01144453
A[T>C]G	0.00087147	0.01514559	0.00783777	0.01789041	0.01279564	0.01157341	0.01282303	0.01355681	0.01216524	0.00730773
A[T>C]T	0.00045851	0.01821582	0.01423373	0.02294103	0.02306066	0.01731143	0.02118915	0.01633541	0.01202296	0.00572319
A[T>G]A	0.00001812	0.00530849	0.00386996	0.00431729	0.00410562	0.01032337	0.00193123	0.00302905	0.02046176	0.00052364
A[T>G]C	0.00026968	0.00184176	0.00488509	0.00073266	0.00167364	0.00339425	0.00035499	0.00417676	0.00984339	0.00093992
A[T>G]G	0.00004573	0.00600224	0.01387840	0.01412294	0.00044142	0.00423439	0.00000000	0.00499281	0.00448457	0.00000000
A[T>G]T	0.00000000	0.00147432	0.00123917	0.01634112	0.00777774	0.00377135	0.00053146	0.00637439	0.01358179	0.00303104
C[C>A]A	0.00138758	0.02321437	0.01987414	0.01366344	0.01386702	0.01022734	0.01640670	0.01521563	0.01487581	0.01453195
C[C>A]C	0.00064612	0.02608274	0.02328029	0.00977582	0.01044530	0.00444724	0.00689462	0.00892062	0.00718958	0.01321176
C[C>A]G	0.00029080	0.00231848	0.00660853	0.00039697	0.00104731	0.00123275	0.00274078	0.00287154	0.00486981	0.00171801
C[C>A]T	0.00082006	0.02220895	0.02313033	0.00265305	0.01415449	0.01270963	0.00835638	0.01107852	0.00695577	0.01103071
C[C>G]A	0.00295337	0.00896052	0.01897142	0.01181333	0.00141159	0.00644496	0.00122911	0.00692530	0.00817512	0.00586189
C[C>G]C	0.00068394	0.01116855	0.00749283	0.00824808	0.00640740	0.00147682	0.00327706	0.00611402	0.00490861	0.00526224
C[C>G]G	0.00044345	0.00014113	0.01091535	0.00168766	0.00000000	0.00384750	0.00000000	0.00607825	0.00196051	0.00444257
C[C>G]T	0.00323293	0.01042758	0.01783236	0.01472134	0.00286360	0.01020045	0.00939491	0.01383341	0.00721609	0.01590090
C[C>T]A	0.01003554	0.00938173	0.01170597	0.00032507	0.02075968	0.01365871	0.01493821	0.02064191	0.01466054	0.03074610
C[C>T]C	0.00253876	0.01353327	0.00264827	0.00089582	0.01828302	0.01017298	0.01258096	0.00999515	0.01638771	0.02442505
C[C>T]G	0.00432955	0.00431370	0.00532323	0.00000000	0.03423994	0.02031105	0.05053706	0.02331662	0.01274486	0.00983388
C[C>T]T	0.00532628	0.01249624	0.02004678	0.01303893	0.02311784	0.01096328	0.02241727	0.01737133	0.00391042	0.02640987
C[T>A]A	0.00018741	0.01407213	0.00837892	0.00546700	0.00158092	0.00497074	0.00000000	0.00668328	0.01619673	0.00379676
C[T>A]C	0.00032220	0.01728091	0.01473364	0.00800799	0.00628585	0.00040148	0.00428062	0.00678489	0.01231904	0.01312840
C[T>A]G	0.00013908	0.01256122	0.01230234	0.01187085	0.00763496	0.00004125	0.00504654	0.00513926	0.01564541	0.00131882
C[T>A]T	0.00007336	0.01970828	0.02739575	0.00690544	0.00750620	0.00490004	0.00280757	0.01102288	0.00729714	0.00693517
C[T>C]A	0.00006440	0.00947806	0.01215000	0.00723988	0.00348857	0.00991498	0.00689453	0.00852096	0.00727081	0.00853160
C[T>C]C	0.00051396	0.01598977	0.01870108	0.00242817	0.00385365	0.00988340	0.00960146	0.01127138	0.01233543	0.00092662
C[T>C]G	0.00091975	0.00657023	0.00596622	0.01554907	0.00819702	0.00755581	0.00514092	0.00604562	0.00928575	0.00633679
C[T>C]T	0.00042665	0.00651236	0.00409022	0.01136824	0.01408657	0.01077777	0.00693626	0.01536416	0.00649637	0.00684036
C[T>G]A	0.00000751	0.00012987	0.00508928	0.00560921	0.00306467	0.00367591	0.00054749	0.00423531	0.00337730	0.00774918
C[T>G]C	0.00015878	0.00280371	0.00321603	0.00439780	0.00512732	0.00249157	0.00078563	0.00569655	0.00788608	0.00313018
C[T>G]G	0.00010320	0.00808428	0.00983214	0.01213050	0.00248798	0.00433826	0.00520758	0.00421264	0.00633733	0.01131032
C[T>G]T	0.00009073	0.00614831	0.00336886	0.01046332	0.01256331	0.01149545	0.00523688	0.00977792	0.01714621	0.00000000
G[C>A]A	0.00118148	0.01345634	0.02270080	0.00119850	0.01716022	0.00912381	0.02603515	0.01831167	0.00796733	0.00321588
G[C>A]C	0.00052071	0.01496327	0.00628284	0.00173704	0.01125567	0.00675538	0.00683156	0.01176855	0.01206335	0.01503314
G[C>A]G	0.00021967	0.00151777	0.00085432	0.00091476	0.00178343	0.00123228	0.00474192	0.00316534	0.00146470	0.00201700
G[C>A]T	0.00052035	0.00919805	0.01346485	0.00672000	0.01738530	0.01215343	0.01678067	0.01139853	0.00246208	0.00000000
G[C>G]A	0.00090520	0.00535745	0.01042423	0.00774782	0.00083809	0.00053105	0.00517199	0.00370807	0.00714383	0.01473065
G[C>G]C	0.00048566	0.00967365	0.00676105	0.00654979	0.00318712	0.00244687	0.00334684	0.00489441	0.00477723	0.00924158
G[C>G]G	0.00019738	0.00011319	0.00504626	0.00181642	0.00009027	0.00016942	0.00043631	0.00272475	0.00200194	0.00181874
G[C>G]T	0.00134599	0.01496610	0.01731216	0.01607536	0.00052206	0.00379560	0.00360086	0.00411285	0.00383419	0.00605748
G[C>T]A	0.00433015	0.01247171	0.00956803	0.00761613	0.01673177	0.00795619	0.02000248	0.01211025	0.00946019	0.01852648
G[C>T]C	0.00204614	0.00933746	0.00478986	0.00520714	0.01449463	0.01085331	0.01715374	0.01068791	0.00666133	0.02531478
G[C>T]G	0.00280934	0.00567098	0.00626333	0.00256102	0.01942798	0.04520001	0.05330267	0.02794323	0.02500266	0.00622312
G[C>T]T	0.00289672	0.01412904	0.01020054	0.01221431	0.01801405	0.00924711	0.01129934	0.00864439	0.00970922	0.01403647
G[T>A]A	0.00032310	0.00747307	0.01062560	0.00301874	0.00508679	0.00211774	0.00053428	0.00440263	0.00501310	0.00394508
G[T>A]C	0.00013678	0.01102337	0.00287266	0.00509331	0.00127745	0.00078580	0.00566342	0.00484327	0.00659658	0.00404390
G[T>A]G	0.00034812	0.00935194	0.00769607	0.00420863	0.00099287	0.00036867	0.00279094	0.00521211	0.00761421	0.00595764
G[T>A]T	0.00001813	0.01340881	0.01486659	0.00766869	0.00517164	0.00466894	0.00000000	0.00658045	0.00645595	0.01463448
G[T>C]A	0.00027077	0.00876558	0.00755023	0.00956115	0.00708896	0.00964291	0.01198745	0.00470733	0.01488569	0.00669244
G[T>C]C	0.00031468	0.00490890	0.00886432	0.00372477	0.00626436	0.00536222	0.00438391	0.00577392	0.00904122	0.00901277
G[T>C]G	0.00055534	0.00712820	0.00951843	0.00941126	0.00320767	0.00461104	0.00312549	0.00940279	0.00646435	0.00524880
G[T>C]T	0.00021667	0.00964665	0.00397220	0.00621176	0.01534786	0.01589286	0.00645139	0.00719788	0.01494741	0.01144694
G[T>G]A	0.00008257	0.00125291	0.00602056	0.00802259	0.00220205	0.00000000	0.00125829	0.00179296	0.00903719	0.00335144
G[T>G]C	0.00023699	0.00487861	0.00242186	0.00394792	0.00191885	0.00034424	0.00169440	0.00210771	0.00225347	0.00153066
G[T>G]G	0.00101221	0.00896077	0.01084423	0.00676653	0.00826901	0.00071036	0.00000000	0.00849412	0.01059955	0.00603798
G[T>G]T	0.00033066	0.00299922	0.00852897	0.00715778	0.00981191	0.00043338	0.00398817	0.00559770	0.01017798	0.00165781
T[C>A]A	0.02668681	0.02637623	0.00886784	0.01531181	0.01926634	0.01952910	0.03052966	0.01482507	0.00702916	0.02037966
T[C>A]C	0.01044032	0.01002586	0.01289902	0.02063653	0.01658120	0.01584005	0.01847292	0.01289446	0.01175355	0.01574699
T[C>A]G	0.00173018	0.00198717	0.00089584	0.00000000	0.00501104	0.00245537	0.00161087	0.00542684	0.00221599	0.00252389
T[C>A]T	0.01415837	0.03039420	0.00629158	0.01782898	0.02211631	0.03862296	0.04094483	0.01668674	0.01054832	0.01126722
T[C>G]A	0.15446975	0.00409310	0.00000000	0.09681813	0.00000000	0.00000000	0.00774201	0.01946793	0.00484058	0.02924098
T[C>G]C	0.03021046	0.00770435	0.00993228	0.04048829	0.00212407	0.02040845	0.02139050	0.01806721	0.00605730	0.01235292
T[C>G]G	0.00537327	0.00000000	0.00600675	0.00585138	0.00303731	0.00000000	0.00000000	0.00471855	0.00000000	0.00005819
T[C>G]T	0.19249468	0.00909779	0.00363829	0.15869853	0.01876348	0.02095192	0.00643679	0.02124738	0.00100048	0.05150326
T[C>T]A	0.26696155	0.02802040	0.00520307	0.01129031	0.04301460	0.02058525	0.00246600	0.02835125	0.04373599	0.00734479
T[C>T]C	0.05239144	0.00623012	0.00000000	0.00000000	0.03603685	0.03198812	0.02217155	0.02978497	0.01915660	0.02772426
T[C>T]G	0.02753098	0.00000000	0.00245838	0.00000000	0.01379397	0.03218888	0.03756412	0.02020548	0.02243882	0.00599424
T[C>T]T	0.13559820	0.01226640	0.01181764	0.00680926	0.03578362	0.03726973	0.01474596	0.02565185	0.01770994	0.02254420
T[T>A]A	0.00036023	0.01224464	0.00335891	0.00484581	0.01352993	0.04032272	0.01246840	0.01232218	0.02229553	0.01010909
T[T>A]C	0.00015380	0.01336975	0.00875501	0.00447439	0.00302181	0.00624440	0.00380218	0.00639451	0.00407624	0.01096401
T[T>A]G	0.00013444	0.00389344	0.01007438	0.00291879	0.00543155	0.00341768	0.00388563	0.00467470	0.00462176	0.00663648
T[T>A]T	0.00017394	0.01818479	0.03213828	0.00372648	0.01234810	0.01686356	0.00328610	0.00842069	0.01063711	0.02118619
T[T>C]A	0.00031785	0.01319246	0.00602967	0.00593890	0.01113461	0.01503534	0.01043934	0.00414447	0.01467457	0.00830771
T[T>C]C	0.00041509	0.00712143	0.01466503	0.00543123	0.00239049	0.01322473	0.01205419	0.00407401	0.01860633	0.00657803
T[T>C]G	0.00030883	0.00415937	0.00611292	0.00428252	0.00958774	0.00712092	0.00694299	0.00369950	0.00501961	0.00108679
T[T>C]T	0.00038699	0.00890602	0.01109863	0.01088086	0.01930472	0.01369190	0.01133192	0.01041280	0.01054649	0.00617200
T[T>G]A	0.00016584	0.00423749	0.00405603	0.01044511	0.00617789	0.00438819	0.00364306	0.00424205	0.00774998	0.00201051
T[T>G]C	0.00004913	0.00469704	0.00720394	0.00555849	0.00544036	0.00378904	0.00166520	0.00549857	0.00345131	0.00016733
T[T>G]G	0.00000000	0.00892399	0.00994223	0.00678590	0.00484364	0.00146394	0.00322513	0.01224009	0.01594934	0.00530278
T[T>G]T	0.00040064	0.00928431	0.01487221	0.01432406	0.02023451	0.01354506	0.00533357	0.01271542	0.01668954	0.01126987
