MutationsType	ID83A	ID83B	ID83C	ID83D	ID83E	ID83F	ID83G	ID83H	ID83I	ID83J
1:Del:C:0	0.00674724	0.01159681	0.04699048	0.04966229	0.00183957	0.00856840	0.02232269	0.14135217	0.04463867	0.04867948
1:Del:C:1	0.00108693	0.00737513	0.01007768	0.00495988	0.00009146	0.00228318	0.01215533	0.09025281	0.01557178	0.02194138
1:Del:C:2	0.00124122	0.00185276	0.00491051	0.00000000	0.00109848	0.00494971	0.00658875	0.06253425	0.00439988	0.00985495
1:Del:C:3	0.00638089	0.00035392	0.00000000	0.00000000	0.00000000	0.00217557	0.00341689	0.04991282	0.00000000	0.00000000
1:Del:C:4	0.01236945	0.00000000	0.00000000	0.00197124	0.00024858	0.00000000	0.00289917	0.02179487	0.00206072	0.00000000
1:Del:C:5	0.03466907	0.00008563	0.00265640	0.00000000	0.00027915	0.00457282	0.00000000	0.01320263	0.00161637	0.00000000
1:Del:T:0	0.00342382	0.00743756	0.02069410	0.01074418	0.00183679	0.00935806	0.00987162	0.05532641	0.05944337	0.01889334
1:Del:T:1	0.00096276	0.00177145	0.01787989	0.00306505	0.00042775	0.00000000	0.00662211	0.03810403	0.02481110	0.03038465
1:Del:T:2	0.00284452	0.00539679	0.01382517	0.00836597	0.00000000	0.00309290	0.00888963	0.05885588	0.01351843	0.01501817
1:Del:T:3	0.01342695	0.00548521	0.02196768	0.00260430	0.00135785	0.00000000	0.00890432	0.05738604	0.01287598	0.01491739
1:Del:T:4	0.03640765	0.00249476	0.03238496	0.00000000	0.00060217	0.00000000	0.00946085	0.05286055	0.00664835	0.01591670
1:Del:T:5	0.60755777	0.00448124	0.45350213	0.00198826	0.00000000	0.00000000	0.00000000	0.00000000	0.00000000	0.15439365
1:Ins:C:0	0.00147310	0.00000000	0.00697851	0.01203856	0.00000000	0.01493751	0.00215153	0.00031624	0.00361695	0.24632404
1:Ins:C:1	0.00000000	0.00092671	0.00129405	0.00271658	0.00000001	0.00586697	0.00086496	0.01254698	0.00179856	0.01291346
1:Ins:C:2	0.00000906	0.00085422	0.00171762	0.00065489	0.00009861	0.00204197	0.00046628	0.01072575	0.00144278	0.00072511
1:Ins:C:3	0.00067042	0.00183253	0.00016400	0.00079145	0.00000001	0.00424446	0.00079393	0.00121408	0.00382837	0.00095265
1:Ins:C:4	0.00263910	0.00319595	0.00052810	0.00000000	0.00000001	0.00736108	0.00058411	0.00042623	0.00213852	0.00122180
1:Ins:C:5	0.01813698	0.02016725	0.00000000	0.00000000	0.00000000	0.01569429	0.00012840	0.03259507	0.00388634	0.00918315
1:Ins:T:0	0.00083156	0.00492863	0.00298103	0.00414594	0.00000005	0.01199296	0.00284018	0.00932390	0.00925724	0.01344618
1:Ins:T:1	0.00035184	0.00000000	0.00000000	0.00000000	0.00044646	0.00000000	0.00101033	0.00000000	0.18815484	0.00000000
1:Ins:T:2	0.00264346	0.00231027	0.00060419	0.00335859	0.00074592	0.00000000	0.00117120	0.00000000	0.06676456	0.00305000
1:Ins:T:3	0.00154129	0.00354280	0.00196986	0.00273931	0.00078897	0.00333425	0.00249063	0.01392798	0.02546399	0.00527501
1:Ins:T:4	0.00285466	0.01086241	0.00491968	0.00000000	0.00009438	0.00534346	0.00041800	0.00843735	0.00980186	0.01129940
1:Ins:T:5	0.18469098	0.75628534	0.00000668	0.41375459	0.00307644	0.07286056	0.03463716	0.09867414	0.25967973	0.05775655
2:Del:R:0	0.00187337	0.00418514	0.02525003	0.00876488	0.00023153	0.01804969	0.00463304	0.00467962	0.00628129	0.00500763
2:Del:R:1	0.00137008	0.01217353	0.04492474	0.00242615	0.00095068	0.00927489	0.00714470	0.00144999	0.00967716	0.00298831
2:Del:R:2	0.00119424	0.00234604	0.01165660	0.00250801	0.00036684	0.00072519	0.00112636	0.00365654	0.00673968	0.00455667
2:Del:R:3	0.00547071	0.00013980	0.00053828	0.00135611	0.00039916	0.00054689	0.00054368	0.00210826	0.00145716	0.00134165
2:Del:R:4	0.00389115	0.00000000	0.00035074	0.00000000	0.00001313	0.00001592	0.00009684	0.00063038	0.00183843	0.00040621
2:Del:R:5	0.01247196	0.00069884	0.00000000	0.02865156	0.00000003	0.00000000	0.00000000	0.00000000	0.00000000	0.00867049
3:Del:R:0	0.00005213	0.00174208	0.00379390	0.00497192	0.00037696	0.00253005	0.00191160	0.00493973	0.00451068	0.00049450
3:Del:R:1	0.00148096	0.00620716	0.04524366	0.00011250	0.00032233	0.00882225	0.00455223	0.00336714	0.01031586	0.01091264
3:Del:R:2	0.00044406	0.00095298	0.01224328	0.00142282	0.00033784	0.00424697	0.00054073	0.00036998	0.00003530	0.00081977
3:Del:R:3	0.00019206	0.00000000	0.00186638	0.00000000	0.00000000	0.00126148	0.00000000	0.00147472	0.00021600	0.00016045
3:Del:R:4	0.00009507	0.00042983	0.00126104	0.00036369	0.00001957	0.00000000	0.00031874	0.00000000	0.00000000	0.00000000
3:Del:R:5	0.00056692	0.00000000	0.00035892	0.00238667	0.00000000	0.00000000	0.00000000	0.00042342	0.00000705	0.00177516
4:Del:R:0	0.00000166	0.00195661	0.00336884	0.00374389	0.00001937	0.00310634	0.00378597	0.00228100	0.00115091	0.00216551
4:Del:R:1	0.00043380	0.00125138	0.02821536	0.00312930	0.00000060	0.00640388	0.00350603	0.00342605	0.00283728	0.00615261
4:Del:R:2	0.00000952	0.00023507	0.00464922	0.00153050	0.00005970	0.00047011	0.00041843	0.00000000	0.00175782	0.00008851
4:Del:R:3	0.00010982	0.00016548	0.00091952	0.00227838	0.00010068	0.00017528	0.00000000	0.00008410	0.00000000	0.00000000
4:Del:R:4	0.00008511	0.00000000	0.00100105	0.00000000	0.00000001	0.00111779	0.00000000	0.00000000	0.00021757	0.00000000
4:Del:R:5	0.00012849	0.00022729	0.00048527	0.00000000	0.00001805	0.00000000	0.00015510	0.00007262	0.00000000	0.00023056
5:Del:R:0	0.00007876	0.00540368	0.00716089	0.01546313	0.00372613	0.01988345	0.08819893	0.02176802	0.02466097	0.02901001
5:Del:R:1	0.00056406	0.00158559	0.01260296	0.04112989	0.00190984	0.08082169	0.00844321	0.00644140	0.01941291	0.01022865
5:Del:R:2	0.00092034	0.00000000	0.00653713	0.02879211	0.00000000	0.05119465	0.00320712	0.00184130	0.00114127	0.00447754
5:Del:R:3	0.00155703	0.00000000	0.00119808	0.02747293	0.00013140	0.02494466	0.00005774	0.00000000	0.00085862	0.00000000
5:Del:R:4	0.00048125	0.00000000	0.00193344	0.01672283	0.00023577	0.02247201	0.00037862	0.00014449	0.00000000	0.00000000
5:Del:R:5	0.00002035	0.00000000	0.00000000	0.01523992	0.00021838	0.00570121	0.00012370	0.00361266	0.00000000	0.00001596
2:Ins:R:0	0.00085350	0.00277769	0.00000000	0.01178023	0.00014689	0.02714711	0.00000000	0.00000000	0.00868537	0.04143614
2:Ins:R:1	0.00000000	0.00228333	0.00250878	0.00203880	0.00033492	0.00813723	0.00211205	0.00481372	0.00692081	0.00463030
2:Ins:R:2	0.00007962	0.00210142	0.00137950	0.00115155	0.00011238	0.00529120	0.00076698	0.00246804	0.00712070	0.00000000
2:Ins:R:3	0.00062381	0.00088725	0.00095776	0.00011319	0.00000001	0.00219785	0.00000000	0.00046558	0.00282409	0.00000000
2:Ins:R:4	0.00260210	0.00452856	0.00031794	0.00038946	0.00000061	0.00279497	0.00000000	0.00028431	0.00032691	0.00272016
2:Ins:R:5	0.01132653	0.02797898	0.01883186	0.00144747	0.00023237	0.00165461	0.00512497	0.00259540	0.00914044	0.00458003
3:Ins:R:0	0.00000000	0.00047041	0.00072067	0.00392220	0.00023558	0.00871099	0.00002922	0.00515977	0.00031106	0.00852936
3:Ins:R:1	0.00000000	0.00315263	0.00151051	0.00127929	0.00000002	0.00416675	0.00178954	0.00569510	0.00892886	0.00159266
3:Ins:R:2	0.00000000	0.00000000	0.00112588	0.00051289	0.00000001	0.00110712	0.00048538	0.00135847	0.00090636	0.00087649
3:Ins:R:3	0.00004362	0.00004636	0.00003454	0.00000000	0.00000002	0.00215588	0.00008375	0.00000000	0.00000000	0.00000000
3:Ins:R:4	0.00011752	0.00002384	0.00000000	0.00039545	0.00000001	0.00000000	0.00000000	0.00000000	0.00053787	0.00003038
3:Ins:R:5	0.00075977	0.00252070	0.00108322	0.00010459	0.00008356	0.00018572	0.00000000	0.00000000	0.00047041	0.00099113
4:Ins:R:0	0.00003505	0.00168374	0.00031828	0.00007468	0.00068413	0.01399481	0.00047588	0.00000000	0.00251761	0.01268110
4:Ins:R:1	0.00000000	0.00495487	0.00000000	0.00250883	0.00000001	0.00362340	0.00299832	0.00392978	0.00971432	0.00104605
4:Ins:R:2	0.00000960	0.00000000	0.00040203	0.00013246	0.00000000	0.00164182	0.00008299	0.00078326	0.00065313	0.00027887
4:Ins:R:3	0.00006263	0.00017340	0.00016679	0.00014827	0.00000000	0.00149955	0.00004288	0.00052682	0.00012831	0.00033544
4:Ins:R:4	0.00008534	0.00055864	0.00012747	0.00051198	0.00001628	0.00093071	0.00000000	0.00055837	0.00007306	0.00015806
4:Ins:R:5	0.00018297	0.00181880	0.00006981	0.00047031	0.00000000	0.00176446	0.00008544	0.00154716	0.00071746	0.00072751
5:Ins:R:0	0.00060730	0.00425173	0.00056108	0.02249992	0.00266247	0.16125050	0.01663313	0.00444270	0.00104187	0.03731134
5:Ins:R:1	0.00000000	0.01456800	0.00168358	0.04746508	0.00000000	0.08555024	0.00811248	0.01155266	0.02125402	0.01372325
5:Ins:R:2	0.00001995	0.00022966	0.00029856	0.04411641	0.00000000	0.04143803	0.00145872	0.00165218	0.00000000	0.00302023
5:Ins:R:3	0.00000509	0.00019284	0.00000000	0.03845190	0.00026404	0.02916216	0.00000000	0.00125103	0.00000000	0.00330269
5:Ins:R:4	0.00000635	0.00001810	0.00000000	0.03098329	0.00000000	0.01821689	0.00000000	0.00174526	0.00000000	0.00571224
5:Ins:R:5	0.00000734	0.00007090	0.00000000	0.01470750	0.00000001	0.00243756	0.00000012	0.00047713	0.00021617	0.00014844
2:Del:M:1	0.00318157	0.00734682	0.03698332	0.00793849	0.00030899	0.02993641	0.00540059	0.00603509	0.00231285	0.01775440
3:Del:M:1	0.00007097	0.00271064	0.00407196	0.00093878	0.00000001	0.00556136	0.00328655	0.00257056	0.00390176	0.00000000
3:Del:M:2	0.00067782	0.00294940	0.02514553	0.00197587	0.00036884	0.00924273	0.00537020	0.00572889	0.00714778	0.00055689
4:Del:M:1	0.00000000	0.00155958	0.00575280	0.00250824	0.00012608	0.00059906	0.00357415	0.00421453	0.00106006	0.00000000
4:Del:M:2	0.00006004	0.00221497	0.01147007	0.00301363	0.00068409	0.00100779	0.00504680	0.00350372	0.00638198	0.00129848
4:Del:M:3	0.00021244	0.00276835	0.01742504	0.00255002	0.00045355	0.00926673	0.00681203	0.00324324	0.00202166	0.00232367
5:Del:M:1	0.00039773	0.00812254	0.00287658	0.01111833	0.00251454	0.01830422	0.14885432	0.01576996	0.01066440	0.01752814
5:Del:M:2	0.00000553	0.00186733	0.00191291	0.00000000	0.00447169	0.01377537	0.22747125	0.01222196	0.00823257	0.01939502
5:Del:M:3	0.00041275	0.00000153	0.00000000	0.00573843	0.00524932	0.00829772	0.18340366	0.00276090	0.00880327	0.00549993
5:Del:M:4	0.00016904	0.00099129	0.00030265	0.00277366	0.00418151	0.00464939	0.10176031	0.00010183	0.00206829	0.00734764
5:Del:M:5	0.00093043	0.00123787	0.00034890	0.00421053	0.95439736	0.03385711	0.00090747	0.00000097	0.01038220	0.00281411
