MutationsType	SBS1	SBS2	SBS3	SBS5	SBS7a	SBS7b	SBS7c	SBS7d	SBS8	SBS13	SBS18	SBS34	SBS36	SBS39	SBS40	SBS47	SBS50
A[C>A]A	0.00089628	0.00000058	0.02069825	0.01194370	0.00006693	0.00231475	0.00481985	0.00004036	0.04388801	0.00182303	0.05138118	0.00482212	0.02513173	0.01165545	0.02808571	0.06741745	0.11865803
A[C>A]C	0.00234181	0.00015054	0.01667106	0.00953978	0.00018154	0.00046500	0.00116518	0.00077588	0.04829968	0.00073328	0.01600527	0.00699725	0.00842469	0.00723199	0.01355033	0.02998528	0.12857688
A[C>A]G	0.00017436	0.00005102	0.00169583	0.00179309	0.00006926	0.00017994	0.00036635	0.00024319	0.00447737	0.00025751	0.00236090	0.00005014	0.00217542	0.00259017	0.00283200	0.00133627	0.00560273
A[C>A]T	0.00129516	0.00009800	0.01214328	0.00658059	0.00024778	0.00070552	0.00195636	0.00404655	0.04678547	0.00034866	0.02135583	0.00121820	0.01785586	0.00737362	0.01474361	0.01183574	0.08298112
A[C>G]A	0.00188157	0.00000000	0.01960363	0.01005261	0.00006483	0.00000850	0.00111765	0.00117871	0.00430919	0.00387645	0.00172601	0.00075451	0.00183502	0.04711988	0.01215055	0.00102419	0.00383894
A[C>G]C	0.00125308	0.00013528	0.01182130	0.00576025	0.00002191	0.00019064	0.00032321	0.00258626	0.00298084	0.00096719	0.00262365	0.00113605	0.00169101	0.02275802	0.00877738	0.00062293	0.00111366
A[C>G]G	0.00011329	0.00001483	0.00024517	0.00166709	0.00004941	0.00048855	0.00000000	0.00088130	0.00027717	0.00025751	0.00186540	0.00000000	0.00048559	0.01319337	0.00218219	0.00031761	0.00080303
A[C>G]T	0.00115350	0.00009139	0.01731910	0.01005506	0.00009552	0.00028320	0.00192641	0.00290752	0.00568394	0.00400764	0.00407158	0.00201053	0.00190529	0.04324526	0.01454437	0.00171071	0.00196482
A[C>T]A	0.02528997	0.00006121	0.01413054	0.03244704	0.00012186	0.00140077	0.00132720	0.00332635	0.00677726	0.00719196	0.00917877	0.00348539	0.00594385	0.00956344	0.01962016	0.00424591	0.00350988
A[C>T]C	0.00649134	0.00140371	0.01252856	0.01808921	0.01795130	0.03843096	0.00778138	0.00141991	0.00284948	0.00000000	0.00471041	0.00372985	0.00332127	0.00408633	0.01223575	0.00094903	0.00182235
A[C>T]G	0.35956302	0.00003190	0.00249045	0.00598990	0.00000000	0.00052532	0.00090082	0.00117702	0.00313028	0.00029556	0.01185306	0.00011378	0.00686618	0.00582060	0.00025895	0.00295336	0.01349705
A[C>T]T	0.00969348	0.00186383	0.01204374	0.02190211	0.00741350	0.01073191	0.00746610	0.03287195	0.01244294	0.00031861	0.00795355	0.00383288	0.00429937	0.01275436	0.01683561	0.00247655	0.00690180
A[T>A]A	0.00081666	0.00009695	0.00551300	0.00741241	0.00195551	0.00249627	0.01248687	0.00008961	0.01958337	0.00000000	0.00250693	0.10291810	0.00245560	0.00533806	0.00613072	0.13847370	0.00539337
A[T>A]C	0.00225944	0.00088099	0.00718610	0.00690842	0.00067031	0.00046468	0.00341822	0.00108053	0.02123121	0.00006541	0.00087736	0.04403314	0.00142839	0.00287358	0.00442901	0.00713088	0.00393490
A[T>A]G	0.00116316	0.00002577	0.00967552	0.00915544	0.00059140	0.00156314	0.00021237	0.00372780	0.02288596	0.00059608	0.00261636	0.03455508	0.00254489	0.00697316	0.00696140	0.00747181	0.00057628
A[T>A]T	0.00018662	0.00000000	0.00612921	0.00622074	0.00373577	0.00830222	0.05100195	0.04138646	0.02508072	0.00061191	0.00788507	0.31541959	0.00308640	0.00614592	0.01074268	0.06776133	0.00242248
A[T>C]A	0.00111271	0.00006238	0.01656914	0.04640289	0.00049392	0.00102257	0.00029002	0.00439497	0.00981177	0.00193064	0.00203373	0.00461633	0.00528356	0.01125918	0.01879418	0.00283971	0.00264638
A[T>C]C	0.00308013	0.00002157	0.00773428	0.01335826	0.00022711	0.00045373	0.00053272	0.00393191	0.00499382	0.00014246	0.00208848	0.00121984	0.00168809	0.00562743	0.00732184	0.00564694	0.00926800
A[T>C]G	0.00010815	0.00001334	0.01234532	0.03834845	0.00018840	0.00150302	0.00107695	0.00925905	0.00700632	0.00043241	0.00209309	0.00001947	0.00386260	0.00968606	0.01557022	0.00209612	0.00113646
A[T>C]T	0.00585346	0.00015654	0.01735438	0.03842810	0.00061927	0.00215317	0.00266578	0.05135546	0.01494811	0.00096835	0.00426437	0.00233570	0.00514736	0.01365761	0.01947738	0.00130310	0.00494547
A[T>G]A	0.00017558	0.00024061	0.00396655	0.00387695	0.00047678	0.00008461	0.01198336	0.00372968	0.00164701	0.00006206	0.00072590	0.00281776	0.00109697	0.00390050	0.00726641	0.00017159	0.00074763
A[T>G]C	0.00020973	0.00007485	0.00259138	0.00259190	0.00024711	0.00092737	0.00104945	0.00266130	0.00066584	0.00000000	0.00085738	0.00045818	0.00062230	0.00296338	0.00703255	0.00171301	0.00060621
A[T>G]G	0.00027345	0.00000207	0.00632321	0.00797086	0.00027807	0.00147296	0.00060793	0.01067964	0.00478798	0.00008335	0.00200252	0.00019674	0.00094151	0.00769660	0.00809652	0.00369077	0.00396254
A[T>G]T	0.00011421	0.00000380	0.00398248	0.00484615	0.00031115	0.00073408	0.00000000	0.01439967	0.00074239	0.00032312	0.00185058	0.00114789	0.00098926	0.00644719	0.01807180	0.00809928	0.00010353
C[C>A]A	0.00031909	0.00021067	0.02263624	0.00747649	0.00045949	0.00114499	0.00010997	0.01464344	0.04034624	0.00141776	0.07464142	0.00195207	0.05626099	0.01017222	0.02094358	0.02473028	0.02268214
C[C>A]C	0.00184352	0.00009720	0.02563163	0.00622173	0.00024407	0.00156771	0.00313928	0.00327465	0.03931194	0.00098715	0.01990849	0.00003700	0.02050967	0.00918875	0.01490524	0.00533505	0.00293382
C[C>A]G	0.00009447	0.00000000	0.00250279	0.00345075	0.00000000	0.00040615	0.00190985	0.00008518	0.00340049	0.00000435	0.01199659	0.00029567	0.00709512	0.00572974	0.00253484	0.00027002	0.00000000
C[C>A]T	0.00000000	0.00042651	0.01549708	0.00653222	0.00037576	0.00149690	0.01362319	0.00011819	0.03321085	0.00000000	0.03662370	0.00062081	0.06101491	0.00607462	0.01480513	0.00068578	0.00115960
C[C>G]A	0.00002465	0.00000000	0.01941686	0.00700355	0.00000000	0.00046001	0.00020783	0.00133306	0.00503070	0.00568116	0.00061831	0.00011913	0.00125024	0.02900593	0.00761219	0.00096106	0.00006613
C[C>G]C	0.00007910	0.00035800	0.01428482	0.00919073	0.00013322	0.00097097	0.00229604	0.00029085	0.00553204	0.00066082	0.00229557	0.00011895	0.00139100	0.03823576	0.00948054	0.00023993	0.00029338
C[C>G]G	0.00035680	0.00004889	0.00149569	0.00248334	0.00007757	0.00078741	0.00026198	0.00132123	0.00001047	0.00048980	0.00357898	0.00018851	0.00041871	0.01227801	0.00167658	0.00066757	0.00141879
C[C>G]T	0.00000000	0.00006443	0.02244058	0.00959200	0.00009657	0.00089412	0.00427869	0.00000000	0.00552508	0.00648279	0.00382380	0.00007370	0.00210779	0.04049747	0.01399941	0.00013776	0.00051627
C[C>T]A	0.00204545	0.00437545	0.01619748	0.01952138	0.05049345	0.10746881	0.00273405	0.03595217	0.00268640	0.00001954	0.01180141	0.00475504	0.00680576	0.00917514	0.01973530	0.00086858	0.00387109
C[C>T]C	0.00027807	0.00017339	0.02046478	0.01925292	0.05623727	0.18407894	0.00606521	0.00264413	0.00407304	0.00137671	0.00686640	0.00051815	0.00678240	0.00391486	0.01754154	0.00466690	0.00431444
C[C>T]G	0.19867546	0.00278066	0.00223356	0.01745321	0.00671608	0.02199983	0.00893930	0.00264245	0.00148584	0.00199736	0.01679523	0.00937606	0.00532634	0.00755647	0.00235520	0.00151449	0.00107908
C[C>T]T	0.00020050	0.00146898	0.02314499	0.02325028	0.05717273	0.12658337	0.02078797	0.00013940	0.01459265	0.00146876	0.00670930	0.00003535	0.00579894	0.00704172	0.02175448	0.00301663	0.01199930
C[T>A]A	0.00004376	0.00024488	0.00794778	0.00354418	0.00017785	0.00111923	0.00348314	0.00161772	0.01902024	0.00021058	0.00054394	0.02360545	0.00126400	0.00495022	0.00109199	0.01400315	0.00019358
C[T>A]C	0.00039864	0.00024511	0.01776120	0.00517973	0.00026142	0.00095432	0.01340827	0.00008143	0.02913883	0.00034350	0.00306126	0.00040608	0.00146001	0.00643296	0.00760980	0.00056933	0.00053492
C[T>A]G	0.00032969	0.00015015	0.01321284	0.00501588	0.00011253	0.00088239	0.00096463	0.00120575	0.02762921	0.00022771	0.00322147	0.00116532	0.00214678	0.00681403	0.00346629	0.00005821	0.00051755
C[T>A]T	0.00026286	0.00000000	0.01263027	0.00427725	0.00037036	0.00011120	0.04856837	0.00114805	0.04157402	0.00052356	0.00225343	0.00026521	0.00195351	0.00823355	0.00923682	0.00007553	0.00020827
C[T>C]A	0.00000000	0.00030433	0.00883865	0.01331570	0.00045315	0.00152895	0.00759866	0.01024894	0.00239255	0.00004776	0.00038738	0.00059163	0.00150476	0.00735519	0.01091988	0.00191043	0.00084153
C[T>C]C	0.00253589	0.00002863	0.01446839	0.01037941	0.00025942	0.00083677	0.00358221	0.00008904	0.00698534	0.00012254	0.00246101	0.00004011	0.00188002	0.00790135	0.00985679	0.00626158	0.01769723
C[T>C]G	0.00036632	0.00000000	0.01010983	0.02082442	0.00010450	0.00072949	0.00217820	0.00093948	0.00126133	0.00000000	0.00162579	0.00080776	0.00185586	0.00778603	0.01051908	0.00310068	0.00242727
C[T>C]T	0.00004307	0.00018623	0.01571324	0.01482116	0.00181687	0.00568906	0.04298351	0.03963261	0.00642508	0.00011212	0.00255256	0.00157342	0.00215285	0.00855214	0.01353672	0.00541599	0.00137521
C[T>G]A	0.00003612	0.00015418	0.00437428	0.00259306	0.00008460	0.00035875	0.00329242	0.00148710	0.00122130	0.00004171	0.00011140	0.00105577	0.00047952	0.00531097	0.00335611	0.00013703	0.00089669
C[T>G]C	0.00021504	0.00015570	0.00702465	0.00460087	0.00017228	0.00078896	0.00558345	0.00004988	0.00194592	0.00000283	0.00199082	0.00000000	0.00056600	0.00738192	0.00566241	0.00005135	0.00006179
C[T>G]G	0.00013025	0.00012193	0.01071041	0.00613720	0.00000000	0.00128911	0.00119450	0.00002592	0.00470497	0.00000000	0.00294047	0.00043426	0.00088981	0.00985028	0.00560016	0.00367080	0.00367099
C[T>G]T	0.00017288	0.00020325	0.00699140	0.00726137	0.00002645	0.00000365	0.00339081	0.00015574	0.00057090	0.00005556	0.00412796	0.00000065	0.00106646	0.00491822	0.01303905	0.00010633	0.00046936
G[C>A]A	0.00160430	0.00008668	0.00712164	0.01019009	0.00004071	0.00074389	0.00105171	0.00016844	0.02417369	0.00095413	0.10915499	0.00279277	0.06776895	0.00687942	0.01419531	0.01107862	0.01421212
G[C>A]C	0.00034901	0.00000000	0.01103898	0.00774909	0.00014029	0.00021738	0.00075357	0.00000000	0.02653632	0.00045976	0.01756608	0.00047161	0.01948745	0.00704628	0.01033876	0.00352171	0.00769221
G[C>A]G	0.00059137	0.00001387	0.00141715	0.00231944	0.00004228	0.00007212	0.00000000	0.00001811	0.00271561	0.00016360	0.00751152	0.00022384	0.00479710	0.00449418	0.00252922	0.00077538	0.00024230
G[C>A]T	0.00000000	0.00005175	0.01003948	0.00684830	0.00000000	0.00014733	0.00036545	0.00007458	0.02700850	0.00006215	0.06270841	0.00001349	0.06942435	0.00591969	0.01085178	0.00141450	0.00205221
G[C>G]A	0.00000974	0.00006576	0.01268511	0.00467545	0.00001965	0.00005096	0.00018230	0.00019652	0.00257720	0.00150812	0.00063590	0.00003320	0.00088690	0.02399797	0.00505833	0.00167676	0.02672278
G[C>G]C	0.00016884	0.00026611	0.00874003	0.00514580	0.00003375	0.00045700	0.00048037	0.00000000	0.00242068	0.00048830	0.00136061	0.00019449	0.00109617	0.02159507	0.00544305	0.00230733	0.03348853
G[C>G]G	0.00016723	0.00000000	0.00239825	0.00149673	0.00004486	0.00033342	0.00017888	0.00054216	0.00048366	0.00024041	0.00063490	0.00000000	0.00017083	0.00978204	0.00118030	0.00046047	0.00278047
G[C>G]T	0.00000000	0.00013544	0.01475804	0.00674788	0.00004233	0.00027763	0.00128866	0.00088886	0.00487960	0.00272852	0.00123806	0.00002687	0.00105646	0.03256334	0.00701346	0.00222708	0.01438557
G[C>T]A	0.00450829	0.00000000	0.01638078	0.01938115	0.00008512	0.00085258	0.00015726	0.00036596	0.00027570	0.00721884	0.00969376	0.00023157	0.00372379	0.00802932	0.01429528	0.00105796	0.00242207
G[C>T]C	0.00009554	0.00000013	0.01357085	0.02187979	0.01189410	0.02659102	0.00000966	0.00018401	0.00024814	0.00093889	0.00829566	0.00000000	0.00345090	0.00456234	0.01175780	0.00173050	0.00160339
G[C>T]G	0.21962122	0.00000000	0.00052326	0.01219192	0.00000549	0.00017413	0.00003409	0.00015618	0.00189300	0.00017756	0.01470510	0.01646777	0.00566117	0.00543667	0.00000000	0.00170326	0.00546163
G[C>T]T	0.00003919	0.00005094	0.01134461	0.01867718	0.01622484	0.00540228	0.00076313	0.04242744	0.00462859	0.00128342	0.00673386	0.00051646	0.00365232	0.00865341	0.01276089	0.00405289	0.01639754
G[T>A]A	0.00008310	0.00000000	0.00710777	0.00369558	0.00040524	0.00052868	0.00174659	0.00002395	0.01288771	0.00000679	0.00161501	0.01903360	0.00088790	0.00499900	0.00267018	0.01609612	0.00073845
G[T>A]C	0.00013173	0.00013248	0.00751401	0.00292382	0.00022587	0.00025674	0.00228671	0.00011294	0.01356253	0.00013145	0.00196395	0.00241893	0.00063526	0.00353985	0.00344850	0.00022886	0.00105691
G[T>A]G	0.00024910	0.00006398	0.01155481	0.00409481	0.00028997	0.00065236	0.00000000	0.00134987	0.01554055	0.00004713	0.00182761	0.00647227	0.00116800	0.00665125	0.00439652	0.00001304	0.00019863
G[T>A]T	0.00025881	0.00006239	0.01213731	0.00317805	0.00030310	0.00005507	0.02008766	0.00867711	0.02773070	0.00035559	0.00342310	0.00734442	0.00110761	0.00404030	0.00569848	0.00000323	0.00077718
G[T>C]A	0.00107462	0.00000000	0.01004753	0.01419826	0.00010207	0.00026735	0.00000000	0.00080849	0.00261782	0.00029085	0.00071464	0.00010919	0.00236100	0.00752874	0.00605577	0.00041951	0.00139216
G[T>C]C	0.00194027	0.00002771	0.00566564	0.00797770	0.00007472	0.00000000	0.00042611	0.00233944	0.00263214	0.00018403	0.00227617	0.00064572	0.00140945	0.00692886	0.00460470	0.00109413	0.00541542
G[T>C]G	0.00118476	0.00010730	0.01085754	0.01494456	0.00007249	0.00052606	0.00023174	0.00256975	0.00279929	0.00019552	0.00397479	0.00043611	0.00183685	0.00572386	0.00563273	0.00308559	0.00370304
G[T>C]T	0.00007152	0.00001242	0.01006509	0.01352151	0.00080331	0.00674815	0.00699605	0.31499094	0.00620733	0.00000000	0.00311641	0.00000000	0.00262068	0.00741874	0.00721939	0.00314543	0.00115687
G[T>G]A	0.00000000	0.00021183	0.00444991	0.00253756	0.00009156	0.00032464	0.00250378	0.00007559	0.00131898	0.00008888	0.00087816	0.00036565	0.00018666	0.00335618	0.00250896	0.02213216	0.00874637
G[T>G]C	0.00000000	0.00013451	0.00235064	0.00171812	0.00012201	0.00032192	0.00167222	0.00002249	0.00065904	0.00000000	0.00003726	0.00000000	0.00031511	0.00583271	0.00225208	0.01043940	0.00965314
G[T>G]G	0.00035239	0.00003720	0.01085754	0.00528041	0.00032496	0.00239662	0.00602335	0.00379963	0.00395487	0.00042714	0.00582237	0.00005600	0.00152738	0.00769830	0.00443640	0.02707359	0.03503416
G[T>G]T	0.00001465	0.00000000	0.00575289	0.00231938	0.00082708	0.00180279	0.00667939	0.00677528	0.00127305	0.00000287	0.00211718	0.00040944	0.00048359	0.00586782	0.00541208	0.08716497	0.03609027
T[C>A]A	0.00006656	0.00064008	0.00836784	0.00782217	0.00038952	0.00288066	0.00251440	0.01138612	0.02965314	0.07912197	0.07362075	0.00422750	0.14060085	0.00595650	0.02589146	0.01680259	0.01894309
T[C>A]C	0.00256283	0.00017054	0.01674057	0.00913939	0.00063615	0.00350171	0.01418943	0.00776204	0.02501333	0.02948905	0.04355859	0.00120965	0.07709561	0.00784072	0.02094334	0.00008075	0.00088466
T[C>A]G	0.00000000	0.00008414	0.00138152	0.00225400	0.00003383	0.00029345	0.00000000	0.00000000	0.00186178	0.01193373	0.01247580	0.00000000	0.01443467	0.00295241	0.00310859	0.00002340	0.00004114
T[C>A]T	0.00000592	0.00043888	0.00987812	0.01258549	0.00060965	0.00139468	0.00370599	0.00018996	0.03160872	0.03540465	0.12118968	0.00003155	0.20653522	0.00649671	0.02389804	0.00019009	0.00183667
T[C>G]A	0.00000000	0.00000000	0.01323333	0.00777241	0.00000000	0.00025231	0.00193569	0.00373545	0.00146276	0.31748943	0.00213480	0.00000061	0.00396873	0.03456364	0.01244782	0.00013720	0.00092921
T[C>G]C	0.00020563	0.00009901	0.02022819	0.00757463	0.00005091	0.00161158	0.00460657	0.00058815	0.00133537	0.06369234	0.00463559	0.00013881	0.00240674	0.03660999	0.01406196	0.00118490	0.00049225
T[C>G]G	0.00006913	0.00004064	0.00050950	0.00167580	0.00000625	0.00035605	0.00000860	0.00085863	0.00007663	0.01361037	0.00088313	0.00000000	0.00029655	0.00943595	0.00170629	0.00000000	0.00010112
T[C>G]T	0.00157124	0.00117701	0.02328344	0.01238729	0.00027947	0.00070624	0.01222082	0.00008484	0.00024673	0.36800888	0.00315888	0.00211961	0.00753655	0.05028749	0.02350139	0.00091479	0.00041797
T[C>T]A	0.00112274	0.53690800	0.00573112	0.02020229	0.23770465	0.00656592	0.01726153	0.00020675	0.00501516	0.00694070	0.01137231	0.00184149	0.01066971	0.00386475	0.02987477	0.00719827	0.01934189
T[C>T]C	0.00003778	0.09760935	0.01325295	0.02292323	0.33107944	0.20990379	0.01368981	0.00565149	0.00025113	0.00449357	0.01138917	0.00028655	0.00685072	0.00526705	0.02303768	0.03694086	0.10384223
T[C>T]G	0.10956424	0.04359916	0.00096902	0.01558197	0.07287854	0.05614706	0.00004559	0.00172119	0.00004086	0.00117365	0.01159169	0.00029248	0.00381979	0.00476702	0.00207893	0.00189938	0.00389770
T[C>T]T	0.00000000	0.29923905	0.00809471	0.02081065	0.10641588	0.10089193	0.00230506	0.04972820	0.00522188	0.00141619	0.00372509	0.00079658	0.00827134	0.00419558	0.02221228	0.08009402	0.08121055
T[T>A]A	0.00692145	0.00043045	0.00659585	0.00639450	0.00036206	0.00327727	0.01564683	0.01698477	0.01165265	0.00030188	0.01097084	0.27421883	0.00249791	0.00678560	0.00723012	0.15793801	0.00171576
T[T>A]C	0.00000000	0.00018977	0.01030857	0.00406534	0.00038336	0.00219550	0.03367062	0.00121218	0.01914612	0.00022927	0.00268719	0.00000000	0.00100360	0.00362667	0.01012074	0.00001207	0.00065322
T[T>A]G	0.00002827	0.00005009	0.00666354	0.00475779	0.00000000	0.00168542	0.01214950	0.00558244	0.01281178	0.00018793	0.00178222	0.00767790	0.00086786	0.00542810	0.00498945	0.00044853	0.00007503
T[T>A]T	0.00227982	0.00020571	0.01295758	0.00872320	0.00079841	0.00000000	0.27886920	0.02731471	0.03777954	0.00006220	0.00709521	0.04562227	0.00269709	0.01067670	0.02094912	0.00433253	0.00294634
T[T>C]A	0.00026264	0.00000000	0.01540045	0.01824103	0.00218661	0.00606901	0.03068404	0.08258464	0.00210761	0.00002254	0.00182847	0.00141142	0.00301577	0.00602489	0.01034322	0.00138702	0.00110661
T[T>C]C	0.00338335	0.00004299	0.00882610	0.00953489	0.00058735	0.00169563	0.02057649	0.01409284	0.00259209	0.00002461	0.00608309	0.00609582	0.00224334	0.00632947	0.00741860	0.01716799	0.02852903
T[T>C]G	0.00041997	0.00011697	0.00688202	0.01261460	0.00031799	0.00377733	0.01284660	0.02272851	0.00000000	0.00009976	0.00324584	0.00108696	0.00137345	0.00495091	0.00597342	0.00156788	0.00101499
T[T>C]T	0.00438739	0.00003592	0.01385464	0.01844333	0.00081242	0.00295538	0.08805870	0.04312323	0.00455548	0.00053276	0.00336773	0.00702186	0.00279698	0.00945935	0.01017528	0.01145383	0.00510365
T[T>G]A	0.00000000	0.00001703	0.00734561	0.00528990	0.00013018	0.00096598	0.01960934	0.00021460	0.00000000	0.00018766	0.00070701	0.00000000	0.00080014	0.00850990	0.00857879	0.00243994	0.00033198
T[T>G]C	0.00005499	0.00006958	0.00616551	0.00644169	0.00011432	0.00151921	0.01713066	0.00011333	0.00111931	0.00000000	0.00206707	0.00000000	0.00073204	0.00499282	0.01120159	0.00002207	0.00064436
T[T>G]G	0.00058856	0.00009538	0.00799426	0.00689333	0.00000000	0.00133842	0.00760837	0.00012461	0.00306887	0.00003669	0.00144370	0.00150198	0.00089772	0.00723747	0.00860729	0.00152818	0.00867719
T[T>G]T	0.00000000	0.00000000	0.01046574	0.01345865	0.00008294	0.00176129	0.02168983	0.00016609	0.00099283	0.00001896	0.00515652	0.00023009	0.00180805	0.01087626	0.02493942	0.00360547	0.00159801
