MutationsType	DBS2	DBS5	DBS7	DBS78B	DBS78C	DBS78D	DBS78E	DBS78F	DBS78G	DBS78H	DBS78I
AC>CA	0.00037059	0.00213765	0.04582738	0.00000000	0.00000329	0.00000000	0.00261989	0.00571955	0.02153659	0.06845419	0.00030925
AC>CG	0.00003141	0.00046149	0.00624011	0.00892548	0.00000437	0.00000798	0.00000069	0.00000001	0.00000000	0.00000204	0.00000025
AC>CT	0.00012485	0.00201778	0.01357848	0.01718593	0.00000148	0.00000000	0.00000065	0.00366879	0.00000000	0.01275529	0.00000273
AC>GA	0.00023484	0.00055739	0.00971461	0.00109701	0.00544209	0.05812111	0.02324790	0.02254448	0.00728015	0.00904214	0.00684010
AC>GG	0.00000000	0.00000000	0.00253598	0.00000000	0.00000000	0.00000000	0.00203472	0.00000000	0.00000000	0.00392303	0.00840148
AC>GT	0.00027745	0.00082110	0.00449288	0.00299568	0.00000303	0.00000020	0.00000172	0.00026038	0.00135918	0.00000000	0.00000059
AC>TA	0.00146651	0.00147838	0.00541143	0.00000009	0.00000000	0.00000000	0.00342719	0.00000121	0.09485586	0.00000969	0.00000000
AC>TG	0.00000630	0.00111877	0.00099642	0.01540884	0.00001054	0.00000000	0.00000000	0.00000000	0.00000068	0.00000043	0.00000149
AC>TT	0.00289338	0.00746180	0.00117813	0.00507150	0.02308200	0.01971575	0.01880993	0.00000000	0.00000479	0.02339362	0.00000000
AT>CA	0.00003765	0.00010843	0.01113916	0.00000252	0.01142595	0.00839327	0.00000385	0.00466129	0.00000000	0.00671193	0.00000000
AT>CC	0.00000000	0.00002139	0.00628208	0.00000158	0.00000016	0.00000035	0.00055699	0.00806448	0.00000036	0.00000131	0.00000012
AT>CG	0.00000000	0.00000000	0.00111392	0.00000149	0.00000985	0.00001344	0.00000025	0.00000035	0.00000038	0.00133039	0.00050399
AT>GA	0.00016732	0.00111446	0.01445080	0.00002941	0.02062550	0.00000000	0.00001183	0.00000020	0.00000480	0.02243761	0.00000000
AT>GC	0.00000583	0.00000000	0.00932277	0.00000305	0.00000100	0.00000014	0.00000104	0.00001287	0.00106898	0.00071367	0.00000000
AT>TA	0.00045615	0.00079618	0.03411994	0.01635354	0.00752523	0.00001861	0.00000000	0.00000110	0.05224749	0.02062796	0.00000000
CC>AA	0.72467037	0.00000000	0.00000000	0.00000215	0.00001758	0.00001503	0.00000000	0.00000000	0.00000829	0.00000661	0.00000071
CC>AG	0.07266722	0.02451932	0.00008371	0.00000000	0.00000000	0.00000369	0.22419740	0.00000000	0.02591369	0.00000634	0.00000000
CC>AT	0.10009259	0.00245193	0.00085927	0.00000000	0.00000000	0.00000000	0.03261745	0.04605249	0.29471854	0.01424732	0.00000333
CC>GA	0.01771639	0.00006821	0.00030458	0.00072244	0.11616418	0.00000744	0.00000141	0.02105989	0.00000000	0.02772145	0.00504706
CC>GG	0.00045042	0.00001201	0.00206750	0.00000000	0.00000000	0.00000534	0.00001705	0.00000941	0.00001292	0.00000238	0.00870196
CC>GT	0.00110102	0.00002502	0.00016439	0.00000000	0.02447773	0.00000000	0.00352000	0.02693450	0.00000000	0.00000000	0.03117193
CC>TA	0.01601481	0.00128146	0.00000000	0.00000045	0.01900926	0.00000543	0.08785604	0.00000186	0.00000000	0.00000000	0.00748219
CC>TG	0.00023722	0.00485341	0.00023801	0.00000000	0.00315705	0.00007233	0.02000636	0.00138601	0.00203417	0.00000000	0.00907845
CC>TT	0.00000000	0.00000000	0.00000000	0.00000000	0.00000000	0.00000000	0.23172492	0.04662632	0.03761693	0.00000000	0.00001644
CG>AT	0.00112486	0.00161712	0.00006120	0.00000982	0.00194881	0.00000000	0.00000074	0.00000035	0.00978945	0.00593920	0.00001695
CG>GC	0.00036093	0.00009782	0.00018430	0.00000390	0.00000149	0.00000328	0.00000259	0.00000187	0.00000202	0.00000362	0.00000184
CG>GT	0.00125201	0.00638961	0.00002040	0.00000185	0.00684268	0.00000263	0.00000135	0.00000056	0.00000000	0.00004975	0.00000264
CG>TA	0.00000000	0.00000000	0.00000000	0.00000769	0.00000118	0.00000079	0.00000320	0.00000582	0.01567103	0.00000794	0.00000233
CG>TC	0.00210299	0.00002938	0.00004800	0.00222110	0.00000007	0.00150583	0.00000005	0.00000018	0.00105064	0.00000259	0.00000684
CG>TT	0.00543843	0.00218903	0.00003085	0.00000000	0.00000000	0.00716817	0.01108264	0.00482162	0.00000000	0.00000251	0.00580945
CT>AA	0.00318405	0.46597352	0.00000000	0.00000184	0.00000324	0.00000000	0.00000428	0.00000270	0.00000089	0.00000201	0.00000504
CT>AC	0.00000000	0.20898812	0.00000000	0.00000000	0.00000432	0.00000000	0.01404173	0.00000000	0.00778041	0.04901339	0.00000000
CT>AG	0.00058225	0.02669848	0.00125932	0.00286278	0.01068026	0.00000139	0.00000000	0.00000000	0.03238640	0.03484700	0.01507633
CT>GA	0.00001795	0.01609909	0.00186899	0.00567938	0.00340008	0.00000000	0.00295854	0.00382013	0.00000000	0.00000000	0.00447512
CT>GC	0.00013292	0.00484972	0.01559155	0.00000281	0.00000112	0.00000000	0.01188001	0.00000041	0.00000190	0.01391582	0.00000591
CT>GG	0.00008907	0.00056997	0.00399783	0.00720478	0.00065408	0.00000000	0.00710877	0.00000000	0.00000000	0.00000000	0.00906911
CT>TA	0.00335268	0.00333981	0.00000000	0.00000000	0.02806435	0.02143513	0.03267128	0.00000000	0.00000313	0.00003041	0.02159274
CT>TC	0.00003809	0.00023699	0.06316575	0.00986049	0.00000000	0.00000000	0.00353625	0.00000000	0.01929773	0.02053345	0.01934073
CT>TG	0.00038685	0.00087395	0.00000000	0.00000000	0.03361531	0.00512703	0.00000000	0.00000169	0.00000000	0.00193496	0.01225479
GC>AA	0.00506695	0.00013373	0.00000000	0.00000034	0.00000000	0.71012924	0.00000332	0.00000000	0.00001707	0.00000065	0.00001214
GC>AG	0.00032416	0.00267464	0.00007337	0.01007852	0.01515107	0.00000000	0.03980388	0.00000601	0.00000000	0.15257923	0.02723572
GC>AT	0.00095055	0.00157864	0.00035175	0.06795256	0.01499227	0.01095995	0.00000000	0.04335346	0.00000000	0.01762519	0.02818550
GC>CA	0.00105728	0.00460520	0.00067336	0.00000219	0.05278736	0.00000061	0.00001980	0.00000250	0.00000204	0.00000242	0.05837211
GC>CG	0.00006673	0.00032478	0.00266329	0.00000708	0.00498098	0.00000169	0.00000207	0.00000231	0.00000000	0.00000147	0.00000000
GC>TA	0.00073411	0.00022322	0.00000627	0.00000000	0.03367862	0.00524511	0.00000000	0.00000059	0.01185212	0.00000000	0.00000000
TA>AT	0.00275091	0.00188576	0.05624293	0.06133877	0.00000516	0.00000087	0.00000209	0.00000247	0.00000234	0.00000421	0.00000076
TA>CG	0.00001891	0.00000796	0.00307421	0.00000183	0.00000000	0.00415522	0.00000046	0.00030303	0.00000105	0.00000065	0.00000076
TA>CT	0.00028009	0.00228913	0.02933099	0.01517569	0.00495748	0.01033683	0.00337413	0.00000000	0.05912824	0.00000000	0.01904872
TA>GC	0.00008223	0.00005264	0.00152199	0.00002353	0.00054380	0.00101246	0.00000000	0.00000382	0.00000066	0.00000082	0.00001129
TA>GG	0.00007893	0.00164374	0.00434421	0.00855225	0.00000070	0.00000022	0.00201732	0.00001598	0.00000000	0.00000061	0.00189303
TA>GT	0.00130043	0.00192610	0.02650876	0.00000000	0.00000695	0.00187763	0.00475160	0.00972107	0.00000774	0.02298998	0.00000000
TC>AA	0.00143088	0.04018989	0.01948860	0.71242356	0.00000373	0.04773591	0.00000000	0.01752494	0.01139382	0.04219836	0.04171562
TC>AG	0.00019736	0.01482251	0.00000398	0.00000176	0.00000002	0.00016403	0.08717492	0.04836594	0.05267184	0.00000388	0.00000000
TC>AT	0.00000000	0.00074411	0.00227698	0.00000010	0.00000000	0.00000287	0.00000000	0.59588779	0.00000328	0.00000470	0.00001237
TC>CA	0.00067301	0.00142256	0.00269460	0.00000653	0.00000274	0.00001136	0.00000000	0.00000263	0.00000000	0.00000140	0.47796377
TC>CG	0.00000384	0.00000000	0.00162074	0.00000329	0.00000151	0.00000679	0.00000247	0.00311342	0.00504271	0.00000086	0.01185574
TC>CT	0.00330583	0.00104454	0.00913777	0.00000000	0.03580317	0.00000511	0.00001907	0.00000000	0.00000365	0.12346432	0.01961413
TC>GA	0.00087333	0.00002447	0.00000000	0.00000343	0.04007517	0.00629371	0.02449010	0.00000000	0.13281813	0.04668890	0.01377318
TC>GG	0.00000974	0.00003462	0.00070199	0.00001389	0.00000079	0.00138462	0.00000091	0.01576089	0.00416124	0.00000204	0.00000000
TC>GT	0.00008457	0.00003840	0.00000000	0.00000295	0.00000515	0.00000000	0.01411504	0.03554469	0.00000686	0.00000000	0.00000000
TG>AA	0.00293669	0.01800275	0.02259249	0.01229957	0.00480819	0.00000000	0.01188901	0.02511361	0.01945381	0.00000000	0.02169794
TG>AC	0.00021827	0.00146022	0.00261913	0.00000000	0.00948890	0.00000417	0.00000058	0.00000058	0.00000021	0.00000000	0.01416991
TG>AT	0.00425621	0.02040312	0.00128957	0.00000349	0.00000000	0.00264629	0.00000000	0.00000485	0.03214480	0.16871673	0.00000000
TG>CA	0.00014287	0.00047607	0.02389206	0.00001086	0.05523082	0.00000253	0.00000318	0.00000000	0.00000160	0.00000000	0.00000000
TG>CC	0.00005893	0.00050608	0.00104965	0.00000818	0.00439489	0.00000000	0.00000138	0.00276350	0.01352855	0.00544008	0.00000000
TG>CT	0.00304582	0.00032805	0.00000000	0.00000000	0.36978957	0.00000000	0.00000000	0.00000000	0.01382549	0.00000000	0.06583124
TG>GA	0.00145842	0.00327050	0.00824726	0.01490150	0.00000000	0.01920313	0.00000503	0.00000129	0.00000000	0.00000786	0.00000319
TG>GC	0.00026986	0.00029204	0.00387871	0.00000430	0.00000000	0.00953069	0.00000000	0.00000000	0.00000042	0.00000487	0.00289548
TG>GT	0.00634960	0.08271265	0.00870711	0.00000000	0.03309386	0.01765405	0.00000000	0.00000000	0.00000220	0.00000000	0.00000000
TT>AA	0.00426677	0.00491007	0.23441174	0.00000245	0.00000000	0.00642950	0.01956971	0.00039865	0.00000000	0.02260809	0.01756849
TT>AC	0.00034154	0.00096405	0.03989987	0.00000000	0.00000000	0.01840221	0.00179790	0.00000360	0.00000000	0.00881959	0.00000000
TT>AG	0.00021284	0.00089120	0.05376508	0.00150799	0.00001114	0.00000199	0.01686120	0.00000000	0.00000000	0.03169381	0.00745688
TT>CA	0.00000000	0.00000000	0.09745544	0.00000067	0.00000000	0.00000000	0.02331978	0.00000234	0.00000071	0.00467688	0.00000203
TT>CC	0.00000295	0.00077144	0.03531139	0.00001247	0.00000205	0.00000113	0.01181544	0.00000000	0.01267778	0.00000638	0.00000000
TT>CG	0.00001505	0.00000000	0.00266332	0.00000000	0.00000087	0.00153483	0.00000660	0.00149547	0.00000000	0.00289364	0.00000000
TT>GA	0.00004742	0.00002984	0.04349086	0.00000000	0.00400506	0.00000000	0.00000000	0.00494303	0.00484005	0.00000000	0.00542833
TT>GC	0.00000152	0.00005649	0.00366081	0.00000169	0.00000023	0.00364029	0.00000251	0.00000013	0.00000050	0.00701484	0.00002978
TT>GG	0.00000000	0.00000000	0.00000000	0.00000094	0.00000049	0.00000063	0.00500177	0.00000090	0.00176367	0.00487749	0.00000000
