MutationsType	SBS1	SBS2	SBS5	SBS13	SBS15	SBS17a	SBS17b	SBS18	SBS20	SBS40	SBS41
A[C>A]A	0.00089628	0.00000058	0.01194370	0.00182303	0.00094231	0.00206780	0.00060815	0.05138118	0.00061437	0.02808571	0.00210048
A[C>A]C	0.00234181	0.00015054	0.00953978	0.00073328	0.00050372	0.00093109	0.00013101	0.01600527	0.00140075	0.01355033	0.00123312
A[C>A]G	0.00017436	0.00005102	0.00179309	0.00025751	0.00004481	0.00004630	0.00005669	0.00236090	0.00002107	0.00283200	0.00005952
A[C>A]T	0.00129516	0.00009800	0.00658059	0.00034866	0.00110828	0.00006175	0.00045622	0.02135583	0.00123102	0.01474361	0.00132432
A[C>G]A	0.00188157	0.00000000	0.01005261	0.00387645	0.00011280	0.00100893	0.00014604	0.00172601	0.00870437	0.01215055	0.00530595
A[C>G]C	0.00125308	0.00013528	0.00576025	0.00096719	0.00027264	0.00057711	0.00004408	0.00262365	0.00152168	0.00877738	0.00319398
A[C>G]G	0.00011329	0.00001483	0.00166709	0.00025751	0.00002984	0.00014786	0.00000000	0.00186540	0.00045330	0.00218219	0.00117299
A[C>G]T	0.00115350	0.00009139	0.01005506	0.00400764	0.00032450	0.00001958	0.00031916	0.00407158	0.00438799	0.01454437	0.00823469
A[C>T]A	0.02528997	0.00006121	0.03244704	0.00719196	0.00504096	0.00121871	0.00057114	0.00917877	0.04893104	0.01962016	0.00983542
A[C>T]C	0.00649134	0.00140371	0.01808921	0.00000000	0.00700340	0.00173438	0.00007140	0.00471041	0.01310056	0.01223575	0.00339613
A[C>T]G	0.35956302	0.00003190	0.00598990	0.00029556	0.07241886	0.00003842	0.00027955	0.01185306	0.01285473	0.00025895	0.00332509
A[C>T]T	0.00969348	0.00186383	0.02190211	0.00031861	0.00177725	0.00073640	0.00014707	0.00795355	0.01290585	0.01683561	0.00632289
A[T>A]A	0.00081666	0.00009695	0.00741241	0.00000000	0.00205493	0.00101814	0.00006319	0.00250693	0.00051180	0.00613072	0.00749411
A[T>A]C	0.00225944	0.00088099	0.00690842	0.00006541	0.00084082	0.00099752	0.00028953	0.00087736	0.00515932	0.00442901	0.00428738
A[T>A]G	0.00116316	0.00002577	0.00915544	0.00059608	0.00054368	0.00020151	0.00006628	0.00261636	0.00030332	0.00696140	0.00304232
A[T>A]T	0.00018662	0.00000000	0.00622074	0.00061191	0.00959981	0.00147023	0.00063827	0.00788507	0.02561357	0.01074268	0.06984539
A[T>C]A	0.00111271	0.00006238	0.04640289	0.00193064	0.00391847	0.00009728	0.00009821	0.00203373	0.01071684	0.01879418	0.01446585
A[T>C]C	0.00308013	0.00002157	0.01335826	0.00014246	0.00195959	0.01270664	0.00025246	0.00208848	0.00452310	0.00732184	0.00577301
A[T>C]G	0.00010815	0.00001334	0.03834845	0.00043241	0.00024163	0.00037884	0.00000000	0.00209309	0.01861990	0.01557022	0.00807270
A[T>C]T	0.00585346	0.00015654	0.03842810	0.00096835	0.00093482	0.00784457	0.00054853	0.00426437	0.00010305	0.01947738	0.01776240
A[T>G]A	0.00017558	0.00024061	0.00387695	0.00006206	0.00047143	0.00085786	0.00142322	0.00072590	0.00001052	0.00726641	0.00756443
A[T>G]C	0.00020973	0.00007485	0.00259190	0.00000000	0.00041491	0.00070037	0.00448820	0.00085738	0.00002117	0.00703255	0.00163519
A[T>G]G	0.00027345	0.00000207	0.00797086	0.00008335	0.00018626	0.00072443	0.00099878	0.00200252	0.00002693	0.00809652	0.00271098
A[T>G]T	0.00011421	0.00000380	0.00484615	0.00032312	0.00365276	0.01258757	0.06967498	0.00185058	0.00005823	0.01807180	0.00763683
C[C>A]A	0.00031909	0.00021067	0.00747649	0.00141776	0.04218415	0.00029793	0.00027405	0.07464142	0.03772912	0.02094358	0.00239532
C[C>A]C	0.00184352	0.00009720	0.00622173	0.00098715	0.00513214	0.00117973	0.00004185	0.01990849	0.09993538	0.01490524	0.00093140
C[C>A]G	0.00009447	0.00000000	0.00345075	0.00000435	0.00006622	0.00000000	0.00000000	0.01199659	0.00738935	0.00253484	0.00026035
C[C>A]T	0.00000000	0.00042651	0.00653222	0.00000000	0.02897092	0.00013839	0.00018409	0.03662370	0.25292798	0.01480513	0.00266772
C[C>G]A	0.00002465	0.00000000	0.00700355	0.00568116	0.00008437	0.00055849	0.00019618	0.00061831	0.00007716	0.00761219	0.00209339
C[C>G]C	0.00007910	0.00035800	0.00919073	0.00066082	0.00001728	0.00023900	0.00004745	0.00229557	0.00000443	0.00948054	0.00121619
C[C>G]G	0.00035680	0.00004889	0.00248334	0.00048980	0.00005021	0.00023222	0.00000000	0.00357898	0.00018697	0.00167658	0.00040998
C[C>G]T	0.00000000	0.00006443	0.00959200	0.00648279	0.00008530	0.00003940	0.00019522	0.00382380	0.00001014	0.01399941	0.00506364
C[C>T]A	0.00204545	0.00437545	0.01952138	0.00001954	0.01089925	0.00082915	0.00046214	0.01180141	0.01063640	0.01973530	0.00695449
C[C>T]C	0.00027807	0.00017339	0.01925292	0.00137671	0.01128054	0.00174925	0.00005998	0.00686640	0.01313610	0.01754154	0.00187496
C[C>T]G	0.19867546	0.00278066	0.01745321	0.00199736	0.02480579	0.00190183	0.00054423	0.01679523	0.01640972	0.00235520	0.01007481
C[C>T]T	0.00020050	0.00146898	0.02325028	0.00146876	0.01574726	0.00175771	0.00013756	0.00670930	0.01174308	0.02175448	0.00778169
C[T>A]A	0.00004376	0.00024488	0.00354418	0.00021058	0.00034943	0.00043610	0.00009418	0.00054394	0.00014377	0.00109199	0.00362493
C[T>A]C	0.00039864	0.00024511	0.00517973	0.00034350	0.00024423	0.04056730	0.00224665	0.00306126	0.00644903	0.00760980	0.00318426
C[T>A]G	0.00032969	0.00015015	0.00501588	0.00022771	0.00008234	0.01245985	0.00072140	0.00322147	0.00012280	0.00346629	0.00312423
C[T>A]T	0.00026286	0.00000000	0.00427725	0.00052356	0.00104749	0.07217983	0.00778721	0.00225343	0.00010118	0.00923682	0.00896394
C[T>C]A	0.00000000	0.00030433	0.01331570	0.00004776	0.00075307	0.01115365	0.00065098	0.00038738	0.01168096	0.01091988	0.01031402
C[T>C]C	0.00253589	0.00002863	0.01037941	0.00012254	0.00215200	0.17328748	0.00647919	0.00246101	0.00480692	0.00985679	0.00524055
C[T>C]G	0.00036632	0.00000000	0.02082442	0.00000000	0.00139569	0.08772138	0.00394407	0.00162579	0.02605734	0.01051908	0.00557754
C[T>C]T	0.00004307	0.00018623	0.01482116	0.00011212	0.00174581	0.42529195	0.01829345	0.00255256	0.00684424	0.01353672	0.00782977
C[T>G]A	0.00003612	0.00015418	0.00259306	0.00004171	0.00020684	0.00031150	0.00206260	0.00011140	0.00096143	0.00335611	0.00347472
C[T>G]C	0.00021504	0.00015570	0.00460087	0.00000283	0.00015715	0.00104173	0.03149327	0.00199082	0.00159235	0.00566241	0.00240566
C[T>G]G	0.00013025	0.00012193	0.00613720	0.00000000	0.00027311	0.00000195	0.01378411	0.00294047	0.00270557	0.00560016	0.00304412
C[T>G]T	0.00017288	0.00020325	0.00726137	0.00005556	0.00248404	0.00530117	0.54980315	0.00412796	0.00506870	0.01303905	0.01044633
G[C>A]A	0.00160430	0.00008668	0.01019009	0.00095413	0.00229444	0.00178476	0.00100198	0.10915499	0.01075924	0.01419531	0.00308755
G[C>A]C	0.00034901	0.00000000	0.00774909	0.00045976	0.00252961	0.00130131	0.00000283	0.01756608	0.00570713	0.01033876	0.00073250
G[C>A]G	0.00059137	0.00001387	0.00231944	0.00016360	0.00040162	0.00010545	0.00009204	0.00751152	0.00155184	0.00252922	0.00021811
G[C>A]T	0.00000000	0.00005175	0.00684830	0.00006215	0.01832879	0.00004737	0.00053888	0.06270841	0.00249332	0.01085178	0.00195844
G[C>G]A	0.00000974	0.00006576	0.00467545	0.00150812	0.00099593	0.00088035	0.00006014	0.00063590	0.00066648	0.00505833	0.00203839
G[C>G]C	0.00016884	0.00026611	0.00514580	0.00048830	0.00061767	0.00084890	0.00005650	0.00136061	0.00288892	0.00544305	0.00272534
G[C>G]G	0.00016723	0.00000000	0.00149673	0.00024041	0.00001004	0.00002358	0.00000000	0.00063490	0.00068400	0.00118030	0.00015466
G[C>G]T	0.00000000	0.00013544	0.00674788	0.00272852	0.00045419	0.00079315	0.00000000	0.00123806	0.00302402	0.00701346	0.00357542
G[C>T]A	0.00450829	0.00000000	0.01938115	0.00721884	0.07384301	0.00164438	0.00006134	0.00969376	0.04204073	0.01429528	0.00600524
G[C>T]C	0.00009554	0.00000013	0.02187979	0.00093889	0.13105191	0.00000000	0.00015982	0.00829566	0.05373796	0.01175780	0.00875350
G[C>T]G	0.21962122	0.00000000	0.01219192	0.00017756	0.27536635	0.00160168	0.00085169	0.01470510	0.02026287	0.00000000	0.01695280
G[C>T]T	0.00003919	0.00005094	0.01867718	0.00128342	0.07774632	0.00006652	0.00000000	0.00673386	0.03314411	0.01276089	0.00844642
G[T>A]A	0.00008310	0.00000000	0.00369558	0.00000679	0.00051606	0.00006529	0.00009846	0.00161501	0.00005583	0.00267018	0.00234666
G[T>A]C	0.00013173	0.00013248	0.00292382	0.00013145	0.00059352	0.00342861	0.00035038	0.00196395	0.00256494	0.00344850	0.00230129
G[T>A]G	0.00024910	0.00006398	0.00409481	0.00004713	0.00018685	0.00069496	0.00024130	0.00182761	0.00211617	0.00439652	0.00142497
G[T>A]T	0.00025881	0.00006239	0.00317805	0.00035559	0.00083147	0.00475475	0.00156715	0.00342310	0.00423207	0.00569848	0.00446192
G[T>C]A	0.00107462	0.00000000	0.01419826	0.00029085	0.01302776	0.00012431	0.00006021	0.00071464	0.00277144	0.00605577	0.00610333
G[T>C]C	0.00194027	0.00002771	0.00797770	0.00018403	0.01168905	0.01502537	0.00151460	0.00227617	0.00226436	0.00460470	0.00375844
G[T>C]G	0.00118476	0.00010730	0.01494456	0.00019552	0.00594529	0.00356978	0.00101126	0.00397479	0.00403365	0.00563273	0.00349766
G[T>C]T	0.00007152	0.00001242	0.01352151	0.00000000	0.00580051	0.00519060	0.00145804	0.00311641	0.00091334	0.00721939	0.00384001
G[T>G]A	0.00000000	0.00021183	0.00253756	0.00008888	0.00020501	0.00050027	0.00028436	0.00087816	0.00000000	0.00250896	0.00181287
G[T>G]C	0.00000000	0.00013451	0.00171812	0.00000000	0.00058445	0.00020572	0.00631082	0.00003726	0.00006663	0.00225208	0.00095468
G[T>G]G	0.00035239	0.00003720	0.00528041	0.00042714	0.00034673	0.00083495	0.00148184	0.00582237	0.00008644	0.00443640	0.00119578
G[T>G]T	0.00001465	0.00000000	0.00231938	0.00000287	0.00137589	0.00717175	0.11307279	0.00211718	0.00350376	0.00541208	0.00342541
T[C>A]A	0.00006656	0.00064008	0.00782217	0.07912197	0.01716711	0.00018978	0.00001240	0.07362075	0.00169700	0.02589146	0.00329466
T[C>A]C	0.00256283	0.00017054	0.00913939	0.02948905	0.00580749	0.00002591	0.00000000	0.04355859	0.00334933	0.02094334	0.00171457
T[C>A]G	0.00000000	0.00008414	0.00225400	0.01193373	0.00007558	0.00000000	0.00009366	0.01247580	0.00000000	0.00310859	0.00020290
T[C>A]T	0.00000592	0.00043888	0.01258549	0.03540465	0.00800067	0.00028644	0.00255946	0.12118968	0.00089334	0.02389804	0.00584786
T[C>G]A	0.00000000	0.00000000	0.00777241	0.31748943	0.00021359	0.00374557	0.00016002	0.00213480	0.00012802	0.01244782	0.01980779
T[C>G]C	0.00020563	0.00009901	0.00757463	0.06369234	0.00006117	0.00072322	0.00006190	0.00463559	0.00002803	0.01406196	0.01415516
T[C>G]G	0.00006913	0.00004064	0.00167580	0.01361037	0.00005740	0.00037376	0.00001527	0.00088313	0.00012118	0.00170629	0.00189174
T[C>G]T	0.00157124	0.00117701	0.01238729	0.36800888	0.00017293	0.00028147	0.00149385	0.00315888	0.00110679	0.02350139	0.04420584
T[C>T]A	0.00112274	0.53690800	0.02020229	0.00694070	0.02644932	0.00053137	0.00010801	0.01137231	0.00800863	0.02987477	0.01164578
T[C>T]C	0.00003778	0.09760935	0.02292323	0.00449357	0.00955587	0.00009063	0.00060497	0.01138917	0.00913363	0.02303768	0.00644957
T[C>T]G	0.10956424	0.04359916	0.01558197	0.00117365	0.02083652	0.00017409	0.00006146	0.01159169	0.00257994	0.00207893	0.00482246
T[C>T]T	0.00000000	0.29923905	0.02081065	0.00141619	0.00172934	0.00034612	0.00089133	0.00372509	0.00004941	0.02221228	0.01139837
T[T>A]A	0.00692145	0.00043045	0.00639450	0.00030188	0.00110782	0.00012103	0.00121192	0.01097084	0.01212658	0.00723012	0.08169403
T[T>A]C	0.00000000	0.00018977	0.00406534	0.00022927	0.00015462	0.00561763	0.00023881	0.00268719	0.00031139	0.01012074	0.01404464
T[T>A]G	0.00002827	0.00005009	0.00475779	0.00018793	0.00014843	0.00182433	0.00000000	0.00178222	0.00017433	0.00498945	0.00922920
T[T>A]T	0.00227982	0.00020571	0.00872320	0.00006220	0.00047493	0.00198114	0.00131246	0.00709521	0.00667068	0.02094912	0.05334574
T[T>C]A	0.00026264	0.00000000	0.01824103	0.00002254	0.00347590	0.00212571	0.00107952	0.00182847	0.01394556	0.01034322	0.06446328
T[T>C]C	0.00338335	0.00004299	0.00953489	0.00002461	0.00583018	0.01507889	0.00108552	0.00608309	0.01625490	0.00741860	0.02632142
T[T>C]G	0.00041997	0.00011697	0.01261460	0.00009976	0.00131495	0.00234271	0.00120782	0.00324584	0.01188587	0.00597342	0.02036582
T[T>C]T	0.00438739	0.00003592	0.01844333	0.00053276	0.00134979	0.02101206	0.00100188	0.00336773	0.01918691	0.01017528	0.04596708
T[T>G]A	0.00000000	0.00001703	0.00528990	0.00018766	0.00023478	0.00000000	0.00001242	0.00070701	0.00000000	0.00857879	0.04246873
T[T>G]C	0.00005499	0.00006958	0.00644169	0.00000000	0.00028954	0.00011432	0.00863481	0.00206707	0.00000000	0.01120159	0.01522321
T[T>G]G	0.00058856	0.00009538	0.00689333	0.00003669	0.00014743	0.00091715	0.00477141	0.00144370	0.00276347	0.00860729	0.01927302
T[T>G]T	0.00000000	0.00000000	0.01345865	0.00001896	0.00598906	0.00458263	0.12222952	0.00515652	0.00150115	0.02493942	0.08764656
