Type	Signature_1	Signature_2	Signature_3	Signature_4	Signature_5	Signature_6	Signature_7	Signature_8	Signature_9	Signature_10	Signature_11	Signature_12	Signature_13	Signature_14	Signature_15	Signature_16	Signature_17	Signature_18	Signature_19	Signature_20	Signature_21	Signature_22	Signature_23	Signature_24	Signature_25	Signature_26	Signature_27	Signature_28	Signature_29	Signature_30
A[C>A]A	0.0127163078243964	0.000762735275247519	0.0251753832765371	0.0415262785673523	0.0171541867947012	0.00198839654175336	0.000447882037150873	0.0418882120055068	0.0140295145284074	0.000776637826305174	0.000226643264161317	0.00883323621629029	0.000372456469880564	0.000114916096924699	0.00153343993370498	0.0185564536767335	0.00206079012996885	0.0572989527461589	0.0122733988745717	0.00134992410729478	0.000113490922278793	0.00171730528063908	0.00052618726284068	0.033268933507381	0.0112611123061874	0.00233077186338544	0.00599093407914058	0.00166204630260483	0.0799706421283303	0
A[C>A]C	0.00941723907511998	0.000621347877459256	0.0182289110173544	0.0315804907115889	0.00924181557951201	0.00294199787796827	0.000502925786704249	0.0340705213329123	0.00703665803467471	0.000996668529096223	0.00101798895668729	0.00484347679290249	0.000648401410237638	0.00433571176978003	0.00423851431226472	0.0100431762913688	0.000345827248312561	0.0111425049445169	0.00762505598486092	0.00227279194341266	0.000713656805059821	0.00251393970455641	0.00038243411216176	0.0210897401337204	0.00715401291146286	0.00152653426080411	0.00489855117454387	0.000979938362283586	0.056615928893796	0
A[C>A]G	0.00161437494153488	0.000104879340912564	0.00229581001716179	0.0196868072986041	0.00239683082156294	0.000552991090362556	0	0.00272409172720668	0.000552745802744334	0.000314728307209448	0	0.00184404745317683	4.01303235964552e-05	0.000543306528084967	0	0.00239765028670879	1.67654808874771e-06	0.0024530482682995	0.000542306896423954	1.74912714431945e-07	0	0	0	0.0224893927067824	0.00155841586467312	0.00030679421331633	0.00085174529525667	0	0.0192842698312345	0.00211763420026188
A[C>A]T	0.00620494254156341	0.000314350008295027	0.0160434801178151	0.0240166171632247	0.00918255710275872	0.00193055905854813	0.00038908013512241	0.0332972757524957	0.00690630450623084	0.00886714355593801	0.000196887538525605	0.00458418740958105	0.000818331518121126	0.0295493540171284	0.00584081815604737	0.00881104036975848	0.00310713769574369	0.0191319108412885	0.00737374651324615	0.00298948354653119	0.000591545001308348	0.000914952992566333	0	0.0248192179152752	0.00490929847565025	0.000593467517470147	0.00271759732621287	0.000530456798970562	0.0266091459185812	0
A[C>G]A	0.00206363909750204	0.000294366288071468	0.0272535935697464	0.0110357507425566	0.013399340504643	0.00152053853192904	0	0.00953355985954003	0.00561180581136296	0.000554741304503696	0.000793251424564608	0.00355623795720778	0.00420031232998946	0.000114916096924699	0.00129752609775037	0.00553235886014415	0.00186920729669298	0.00171986998945467	0.00665287041799216	0.000797443363713972	0.000567454611393966	0.000602449134861618	0	0.0139284966504778	0.0091399178357534	0.00145447363181089	0.00152392302704051	0.000303516609670032	0.010629658153461	0
A[C>G]C	0.00265647911368453	0.000270842736245836	0.0124033751245806	0.00551892070687961	0.00752067342833771	0.00126085623341497	0	0.00441321806545256	0.00241556917608236	0.000299000558728867	0.000305396687006188	0.00154579046581994	0.000920349709478773	0	0.000105962857806618	0.00248490959786446	0.00164397204862059	0.00254507905605361	0.00195778464476159	0.00211637906195182	0.000815607777211224	0	0	0.00878984739685868	0.00167222068433385	0.00156865315851959	0.00183101094153138	0.000287296068686131	0.00357137198613838	0
A[C>G]G	0.000641979489504829	0.000231601026217114	0.00566390892266139	0.00333492364074714	0.00250104067721558	0	0	0.000630417691432208	0	0	0	0	2.0925947201371e-05	0	0.000669219703260693	0	2.7444128282076e-05	0.00280302139945583	0	1.37763145255877e-05	0	0	0	0	0	0.000331969872784183	0	0	0.000166870644428092	0.00518832757854025
A[C>G]T	0.00295022508573125	0.000592975127522131	0.022960422619384	0.00533702603627215	0.011665314354113	0.00182895068704559	9.72700337806025e-05	0.00855747884024205	0.00385940545936429	0.000192763990346479	0.000885993923365224	0.00249140620085927	0.00373146598548461	9.98288987065148e-05	0.00102470493965743	0.00730915848854964	0.00129820477314341	0.00392309803101151	0.0071744560669422	0.000843360637778479	0.00177463500392504	0.000297020172399169	0	0.00391594819530218	0.00338891827196608	0.00247987376252503	0.00132240589386394	0.000317914559195331	0.00394777484535471	0
A[C>T]A	0.0338173412877733	0.00831385599676469	0.020292825312571	0.0136524751454309	0.0250732728804184	0.036492924766297	0	0.0206106308617393	0.0108728737595157	0	0.0254973672181481	0.0138807997684562	0.00164687398375275	0.0336704163989369	0.0138009594033448	0.0155597592941554	0.0105181182084761	0.00433755002278347	0.0253497303857977	0.0375909438760278	0.00578803703621845	0.00355478084854294	0.0229424942284902	0.00733472762960449	0.0238809199033784	0.0067499720971342	0.0157935445502216	0.00646269046924598	0.00593903006869959	0.0741300035640912
A[C>T]C	0.0147421259103765	0.00273617937712702	0.00907385652873758	0.0076651676484439	0.0131559708345325	0.0171266305038867	0.0198152759961474	0.00579018726537006	0.00588138582002662	0.00318933929310791	0.111876986339934	0.00556484567695179	4.04878056989257e-05	0.0331372256690331	0.0179077229693184	0.00786888039323744	0.00426862124084434	0.00251088683980625	0.0209173833098212	0.0228111594698742	0.00632096027338699	0.00156401044445424	0.0853704622889958	0.00401074973155304	0.013432471786898	0.0109077886802524	0.00560784407438239	0.00193961971803772	0.00921467752980521	0.0556277498885985
A[C>T]G	0.185966040292097	0.00350948397329973	0.00383580772348735	0.00301218909486838	0.0181947965882336	0.10042318200984	0.000105876043960801	0.0207815627860849	0.0138186450686083	0.0132185889027968	0.00771506108784149	0.0020609942123741	0.000333075942455785	0.0538960075860288	0.0344648147179257	0.00381444363794581	0.00981663147111298	0.00907422863328888	0.039913787576803	0.0373990199521484	0.0274723077345224	0.0039143370957074	0.0101501376065147	0.00341603427121455	0.0211525694789823	0.0215340809569581	0.00729805134955308	0.00610895978262015	0.0341870055742448	0.0220239123626483
A[C>T]T	0.0125651535190149	0.00322853386948016	0.0145959466487769	0.00583119511370475	0.0164343777954831	0.0151396473538774	0.00418261145256591	0.0206194031297441	0.00771881091872858	0.00452995377314224	0.0629055685589309	0.00667696861830284	0	0.0276526049417046	0.00676305260173907	0.0101126713334728	0.00560512584184786	0.00552141742298361	0.0265056293584253	0.0187036492741696	0.00295772500654174	0	0.033483913997467	0.0034508786407576	0.00566246713845178	0.0112511495574278	0.00447455182284658	0.00168330819791881	0.00473486659998821	0.0216928777634415
A[T>A]A	0.00378584826191383	1.21512405017285e-07	0.00786299799403222	0.00448684195350383	0.00839799556857911	0.000576600101190749	0.000919968674682887	0.012527193936962	0.0116229442189652	0	0.000186213945692181	0.00546671582824849	0.00113684725964566	0	0.00203522344769439	0.00767049711247443	0.000566546222027869	0.00282934915801448	0.00103667623368166	0.00053991615788256	0.00773942335690654	0.0465477563369558	0	0.00111332287008202	0.0191001535239963	0.00418656566689063	0.135287869971871	0.000942042822036835	0	0.00708432027431459
A[T>A]C	0.00234322775938838	0.000108952550602566	0.0072205143626802	0.00382690561786058	0.00732676829929184	0.00332905533154608	0.000772585648492698	0.0122314764337932	0.00423510013609974	0.000191383058455323	9.77385330814174e-05	0.00643125117957311	0.00101719740498361	0.000792909917348719	0.00915627698472521	0.00725679678947813	0.00182258658390222	0.000793241830036078	0.00524336313670182	0.00194528348553717	0.0285822867965565	0.0114889907760953	0	1.51985126688836e-05	0.00872705538790417	0.0126367368937665	0.00145325191550453	0.00345250688259433	0.00300565813156502	0.00367010586081611
A[T>A]G	0.00284990476668342	0.000526851539777116	0.00739202698696001	0.0100672305314326	0.0116911224482761	0	0.000891714909663486	0.0141695584048935	0.00703477440815587	0	0.000701925024619604	0.00466946168417806	0.000100967035910209	0	0.000939389694013425	0.00815903804026699	0.00108231293694019	0.00451797696410038	0.00456744629912325	0.000192936210693177	0.00271146969370515	0.0686163832653713	0.0002438321328982	0.00650769246717112	0.00628474910696167	0.00118536739730176	0.00124879551488955	0.00187936753264422	0.00395365649375048	0.00663882342205169
A[T>A]T	0.00719475338317862	0.000125114345533764	0.0074649615826176	0.00256336383297143	0.00965170593445514	0.00465574083046797	0.00294327300459522	0.020657003257949	0.0162439623690653	0.000999909269354888	0.000255324755466986	0.00516938905340095	0.000812057466574607	0.000776751723597721	0.00699857074691599	0.00727121926495584	0.00172806763550119	0.00233023759265936	0.00284284944265935	0.00637630114398475	0.00366512195480037	0.0125195466122744	0	4.33258308263374e-06	0.0126910883802992	0.0034268182143057	0.00219125150104951	0.00504957687106182	0.00438171146441929	0.00798933277593255
A[T>C]A	0.0131002707375377	0.00119652644610165	0.0121609994765985	0.0078519734186317	0.0333609880536603	0.00720750126488437	0.000459984337341443	0.0151904853825122	0.0242064623403243	0.00282586609710367	0.000558641837076542	0.0439222340683413	0.000502280675520039	0.00245484231657209	0.0111452712611836	0.0678981040696811	0.0024928987975277	0.00273232034046942	0.0136652776258038	0.0154107563996489	0.0247102071033763	0.0157975246108192	0.00101887190546673	0.00450960961870437	0.0193177528342431	0.0516625940086334	0.00477254575045404	0.00399939759633075	0.00950077579516228	0
A[T>C]C	0.00620108304523547	0.000410080870713151	0.008996184319171	0.00196251570146696	0.0136362904758469	0.00564930601716911	9.65732060615873e-05	0.00766268025198462	0.0105877503402493	0.0049759595198384	0.00146607799622126	0.0313647172911489	0.000139630882783237	0.00455923202475514	0.00742675799872156	0.0169987979589145	0.00783733957743331	0.00147984380291759	0.00474870623701297	0.0189961536728292	0.0161509497309309	0.00109137734944743	0.000221802594866716	0.000629002844621594	0.0093256215717832	0.027195378792036	0.00183203407146696	0.00808406336718174	0.00625819842223886	0.0085956864044106
A[T>C]G	0.0102782721679442	0.000568909935791791	0.0117722247533461	0.00815445673046044	0.0289016214171521	0.0224591686734418	0.000693556040849378	0.00994586940657976	0.0182076514093446	0.00255254679306999	0.00080220002813669	0.0494353878303199	0.000274856940012585	0.00355900646161034	0.00761949418477556	0.0354918154751614	0.00441233705257245	0.00334058975653769	0.0137023388973697	0.055460318807449	0.0224951559774057	0.00496432793347879	0.00051227611282892	0.00279913270531211	0.0200480242398797	0.052366371001546	0.00579326096860549	0.00581025015879922	0.0148233581963419	0.00911601738914262
A[T>C]T	0.00796527158799489	0.00124867198086052	0.0144788098653197	0.00307603659956571	0.0235420000404117	0.00202041583208987	0.000925028658587069	0.0187031466316965	0.021687884892752	0.00333303089784963	0.000255324755466986	0.0215391210558373	0.000223493876130818	0.00215764367666033	0.00558113869690768	0.0430213806509887	0.00265303787132851	0.00467603387150641	0.0137835124492575	0.00630770714720201	0.0161094895222621	0.00225569540467891	0.00027304441132107	0.00621238398761115	0.0123813181883663	0.0335308957444665	0.0022409995071443	0.00288739062019691	0.0067734976878671	0
A[T>G]A	0.00149459659404031	3.09510354062357e-05	0.00219358877939788	0	0.00326580359497787	0	0	0.0039551750316653	0.0321792257301931	0	0	0.00113104465412038	0.000353042534592225	0	0	0.00492426975121815	4.91121051185818e-05	0.000359711542287526	0.00131940611559485	1.65930863670532e-06	0	0.00154973846725016	0	0	0.00493775281340286	7.57199211925563e-05	0.00107447962866467	0.00621950704812119	0	0.00496818087917091
A[T>G]C	0.00176308648649828	2.39401932235039e-05	0.00143392964590385	0.000196251570146696	0.0022245997300765	0.00171496789806919	0	0.000780919825509229	0.0051426215938354	0.00382766116910646	0	0.000989423258395864	0.00010784501048263	0.0019822747933718	0.000610418465648347	0.00417514335832988	0.00627582980513591	0.00122724915975423	0	0.000376323554062568	0.00303442085853853	0	0	0.00146640674177845	0	0.000160810527683465	0.000951880452829487	0.0170394909203568	0	0.00241453299436035
A[T>G]G	0.00140505571276476	0.000270335428533807	0.00909651210113341	0.0015100845797149	0.00557755563996122	0.00072448931204651	0.000891714909663486	0.00693080688167908	0.00537953337094272	0.00147262314984807	0.000100275003517086	0.0018271806590262	3.54434815431007e-05	0.000711801292322067	0.0012525195920179	0.00622126650570358	0.00346542201488652	0.00237698673695573	0.00101498806647183	0.0006668794049487	0.00160679685552898	0.00109808995003886	0	0.000871068357759935	0.00718535561415447	0.00126902170646624	6.89028643513893e-05	0.00693845630000433	0.0029578456212955	0.00634156417526878
A[T>G]T	0.00271799519205464	0.000182660963479796	0.00599569735522336	0.000170890922198095	0.00329485421213599	0.00254748083176549	0	0.00251887987419895	0.0169464039850248	0.011415630825135	0	0.00258469452670047	0.000160850014488938	0.00483312183571915	0.00256909559064005	0.00657872219210291	0.0261271248565301	0.000288331254276936	0.0014644981977336	0.000457208371905864	0.00153423709735829	0	0	0.000938050492048928	0	0.00158795628150203	0.00022129285284963	0.0771697684212675	0	0.00815767414843045
C[C>A]A	0.00643224110979252	0.000644168379136776	0.0181504490999791	0.044639338100732	0.00945383243865876	0.0100545380971232	0.001143593220484	0.0308023635366351	0.00975156107780419	0.00292731100487135	0.000675145742274828	0.0131810364252612	0.00161938883746598	0.00547716174806447	0.0106418211158243	0.0155974248765359	0.000988441864498011	0.0856615370732224	0.0109341685964072	0.0169202088545823	0.00193186953317926	0.00442128089884569	0.00016273485531584	0.0628261825494051	0.0143648813441498	0.00360406376268751	0.00496128192602735	0.00118285499758805	0.0500011942050723	0
C[C>A]C	0.00750419817702362	0.000212945878833938	0.0159624169835737	0.0623107716330201	0.00507161363040675	0.0251440788599113	0.00059926582817914	0.0259543185691442	0.00594430195763502	0.000890692136840308	0.00171840826099987	0.0114607160247995	0.00115050839707332	0.0104555202736603	0.00883827097216179	0.0102809610911495	0.000423308928977962	0.0208759276957429	0.0162683236929907	0.0372501700364736	0.00141727383915641	0.00383396587470723	0.000762877476358496	0.0349706350345479	0.00793926054237548	0.00405736945719874	0.00229350182539776	0.000354650564899547	0.0263245039937402	0
C[C>A]G	0.000819174595069339	6.05697778125371e-06	0.0017851341611476	0.00801700083283471	0.00257471388972831	0.0085230410099318	0	0.00105932489182204	0	0.00062189583347023	0.000907427483519395	0.00257209057855481	0.000217535859242184	0.00082817570185211	0.00141681708000374	0.00203044343227388	0.000267938718457625	0.0155963906573857	0.00165330387672025	0.0114352380295241	0.0024537143201184	0.000822999883494785	0.000152376047419349	0.0208585324198522	0.00116350965639896	0.000742736995028635	0.000245420936473072	5.10969897994724e-05	0.013264689634951	0.0020623140402865
C[C>A]T	0.00724205256441691	0.00040908654391088	0.0147025677239485	0.0432264585351781	0.0111207561536802	0.0587389185904795	0.00128021457300458	0.0288873617571571	0.00935704138079959	0.0156126362868705	0.00139532898884838	0.00716346640748039	0.00122980589954147	0.127043340700791	0.0236534244088352	0.00851499020149222	3.1143423987182e-05	0.0375710926461093	0.00968474220106903	0.104040619709374	0.0055896538346368	0.00445844114423172	0.000737750347814159	0.0205170713237516	0.0125730213512017	0.019133079232231	0.00313833141954531	0.000195265276802535	0.0405581579325305	0
C[C>G]A	0.00125310583898341	2.64078916269903e-05	0.0162668089212891	0.0101673112810778	0.00736529051440277	0	9.52994350403337e-05	0.0064268310124583	0.00179110305510689	0	0	0.00185510883022195	0.00505076207503385	0	0.000903550849456784	0.00392388047208451	0.00184296192864581	0.00044241919995234	0.000195253010650129	1.29661314207502e-05	9.6593476658963e-05	0.000565590603121086	0.000196627170372821	0.0133213781538245	0.00697356322528992	0.00124397364401332	0.0046337109561404	0.000104634542005146	0.00254708707817154	0
C[C>G]C	0.000717610306922551	0.000278681793567249	0.0137048373980112	0.00984388411792011	0.00781712969319327	0	0.000399510552119427	0.0061846743426015	0.00208571998513509	0	0.000202165677764691	0.00194422861134991	0.000905418887645403	0	0.000315652534720064	0.00514048054557476	0.00071177022439699	0.00369574938229853	0.00286486203398579	0.000559372763052815	0	0.000840534641951035	0.000293789851380917	0.0166847186997034	0.00466730477948223	0.0012383708533524	0.00129515941951864	0.000153099484401971	0.00113298245152388	0
C[C>G]G	0.000464517048162562	1.71422975818193e-05	0.00379727796487459	0.00573944377805212	0.00240292065527843	0	0.000537964988356434	0.000599291118379023	0	0	0.000725941986815516	0	0.000254332075619298	0	0.000377817888000997	0.00258420073198494	3.16871020440815e-06	0.00490793989888249	0.000183700430746694	0	0	0.000349359155254961	0	0.000741633869140775	0.000750517750887226	0.000190165049467807	0.000332548694665192	0	0.00139091446152739	0.00295901591503448
C[C>G]T	0.00139220640787533	0.000307337543714545	0.0240132458426183	0.00940575718126561	0.00950883680286393	0.000205740520457021	0.000295434132231825	0.00783110286817158	0.00401016059177125	0	0.000199332712692625	0.00191698396819898	0.0062461564285636	0	0.0017636325217114	0.00810951447761164	0.000943595919694162	0.00550409560529877	0.000807061850089086	0.000121477107378297	0.000299445741141257	0.00176801982807808	0.00019984358887821	0.0106113476733943	0.000196506718305484	0.0023084456748122	0.000271290484146354	0.000304395568189404	0.000140453975697166	0
C[C>T]A	0.0203780521744159	0.0142817374200956	0.013911224161329	0.0203346225621556	0.0222489321507235	0.00846173998272749	0.0718557740204116	0.00472448616675772	0.00975156107780419	0.00113315264704698	0.0298993114435995	0.0182581763816581	0.00345383197779758	0.00586838758721194	0.00512012148025511	0.0206003724784437	0.0203591675294291	0.00942568291090764	0.0427604093323783	0.0108521414711195	0.00328417820640474	0.00751313734457557	0.0598355882016533	0.00596583374000411	0.0138816730604798	0.00641331929591404	0.0170811427137671	0.00444542294864427	0.00887633939114863	0.0672864647823735
C[C>T]C	0.0189094938724291	0.00350481872325078	0.00865427653101692	0.0146136011647474	0.017931322249826	0.0103288954652748	0.100576781496066	0.00405020361731585	0.00719573394871607	0.00237517903157415	0.153443749423401	0.00961881523509956	0.000996651004981025	0.0171183518206006	0.00925914101845522	0.0100753418693265	0.00386026493124886	0.00571908126918841	0.077044325413975	0.0185245830585174	0.00921227995451666	0.00724211651194216	0.192952416058615	0	0.00602550555776873	0.00663598970111029	0.00733466792062082	0.00280890654917772	0.00720412219584216	0.0648254928502335
C[C>T]G	0.0876914069794673	0.00445455144443527	0.00319902518524835	0.00692377344653906	0.0118247014483544	0.0843874719774566	0.0186494529296897	0.0076174050738355	0.00711498677894538	0.00968380654975072	0.0122502710275118	0.00422557737905433	0.000115110371334616	0.0269617200714076	0.0146404431600386	0.00147668613256282	0.0118683445983349	0.0146928602782462	0.0218603512588566	0.0406608309821843	0.0288993019925056	0.0050303880276364	0.0140793277409682	0.002719654405771	0.0105322700430471	0.0108929145163678	0.00691493441883615	0.00217576837421215	0.0181867249931616	0.0157814789842044
C[C>T]T	0.0172453997836878	0.00880066208381844	0.016053387823697	0.0201123105684509	0.0206285324096476	0.00894971263988042	0.0776006987328928	0.0189065823421415	0.00997398916414902	0.00419589600209645	0.0813277467785911	0.0206832480779363	0.000598645233009489	0.0187987759509524	0.00995933659319378	0.0213888444347007	0.00954504425907005	0.00513883860448503	0.116923085531656	0.0139327615848135	0.00399260988188343	0.00418724105437502	0.159257428288247	0.00405632456295179	0.0136427604499682	0.0062695707611738	0.00723508253638882	0.00253557152302838	0.00164228196275352	0.034272974286371
C[T>A]A	0.00121416742369168	0.000154770112328642	0.00770333179330611	0.00764598051209785	0.00518823181968124	0.000104808342441637	0	0.0122916832385861	0.00576190192080183	0	0.000406176307230123	0.00174751058669383	0.000284298427243916	0	0.00169116185415216	0.00557705131443154	3.03188273278591e-05	0.00041893452786797	0.00441968483701741	4.61747370863426e-05	0	0.0889065239019402	0.000618316585514824	0.00287917870033359	0.0268117216398439	0.00364655897834502	0.340931761907278	0.0027353120781087	0.00180776050980449	0.00541838409484301
C[T>A]C	0.00198116513713105	0.000470993321017985	0.0131274110890817	0.0114734331617253	0.00647627880627621	0.00276291604468742	0.00142420318263994	0.0185330574251448	0.0052047244249659	0.000100800053315296	0.0011325197086504	0.008963297951479	0.0002246987110224	0.00354976862632751	0.00460820865106929	0.0134035345492748	0.0104485045809614	0.00256642110082677	0.00552328182020753	0.00456197425598064	0.00381507528080455	0.0557120662679237	0	0.00284306902397048	0.0163336045211197	0.00405043973329526	0.00294187310711744	0.0211908334955601	0.000398006688991043	0.0070197816969734
C[T>A]G	0.00150739323411997	0.000227599462851598	0.0115536136789497	0.0344023276298011	0.0106661668031803	0.0008273240279323	0.000693000050932454	0.0164984065422984	0.00527185123048595	0.000294288523995614	0.000601167707741307	0.00314428849059103	0.000282283947234432	0.000203208764594413	0.00281590989388313	0.0132478081758584	0.00444277991075914	0.00553671837560886	0.00212976624050269	0.00114082477898141	0.0025086074455768	0.215248743576924	0.000177654534513496	0.00709672246919867	0.0632408995855305	0.00241491968126486	0.00447399428018883	0.00928922778450562	0.00359369198783336	0.00831658656081444
C[T>A]T	0.00228522250764577	0.00058778593771737	0.0170998876037163	0.0119736639220391	0.0102806011118392	0.00117745912091257	0.00184448545108725	0.0274034205662076	0.0073826038207615	0.00091382299837986	0.000414831653234971	0.00566920229586663	8.150358781392e-07	0.002103342212573	0.00075564973071822	0.0101260347654067	0.0321648651406995	0.00343839863406702	0.00230941949212789	0.00249762653298764	0.00103862841656224	0.0646041121000146	0.000486277042959436	0.00309843549916067	0.0381358295063225	0.00171072338584607	0.00571994317801425	0.0119105083345529	0.00233498746682276	0
C[T>C]A	0.0042882094908709	0.000547224277009128	0.00803266795834483	0.00530121315505451	0.0146482088005388	0.00649811723138149	0.00100333376660139	0.00528892894691637	0.0161333253782451	0.000497086854456339	0.000101544076807531	0.0320719590028514	4.26224489838083e-05	0.000617836970309659	0.00338232370830432	0.0150786942945742	0.00748615697554153	0.000195239663838882	0.00678370230798022	0.0152414730776548	0.0222713742034579	0.00412040686042594	0	0.00192408693261693	0.00920496076501081	0.03879512845811	0.00505216750121231	0.0221013612565863	0	0
C[T>C]C	0.00546786255163557	0.000398229405154483	0.0148869945225736	0.0026874708306744	0.0130274639242744	0.00425064006874988	0.000813830390079967	0.011335665375474	0.0125338261662444	0.00191520101299062	0.000411825348600145	0.0401263919920862	4.37773441810792e-05	0.005533462858687	0.00535838215240616	0.0203147320512446	0.0405288130242734	0.00314202579479487	0.00729490051725523	0.0190793511880128	0.0103110142724447	0.00140293929494801	0	0.00469932236614057	0.0111354991077234	0.022570045325765	0.00598543081204881	0.0467709213112915	0.00288098046375226	0
C[T>C]G	0.00710481727036884	0.000357608835828313	0.00845594500180681	0.0100591601256728	0.0190245113234986	0.0279221859427151	0.000990000072760649	0.00570676381347418	0.0159189233234282	0.00147144261997807	0.000100194617956885	0.0420928943095251	5.33896759979341e-05	0.0016256701167553	0.0133494987561867	0.0193621811801008	0.02845434359803	0.00260289191073613	0.0040566976009575	0.0750045316854559	0.0211726468406682	0.00277581735221147	0.000329104353031381	0	0.0134314299513555	0.0477265848683729	0.00576080235256017	0.0390012350655129	0.0069739195655261	0
C[T>C]T	0.00703998723982607	0.000573486644963846	0.012399186710305	0.00562241610252273	0.0200198894761918	0.0035323773627377	0.00461121362771811	0.011609989530337	0.0294234210247741	0.00203071777417747	0.000933371219778684	0.0340152137751998	7.77868549395179e-07	0.00283951198697355	0.0037782486535911	0.027741116076062	0.104869132049323	0.0013593213029805	0.00556360150376265	0.0115180083444161	0.0211880196978698	0.00246948911688833	0	0.00169779312744304	0.009331359145657	0.0216889629532788	0.00410819241169416	0.00549964014384624	0.00318068370520337	0
C[T>G]A	0.000310774300916288	0.000113910555384449	0.00200860244521307	0	0.00210037766517198	0.000104808342441637	0	0.00247797093532186	0.0226285602707854	0.00218718215960789	0	0.00133633162511881	1.50486561193245e-05	0	0	0.000206557456090057	9.21983595852387e-05	6.19772030459142e-05	0	2.3848947232312e-05	0	0.00114624476955373	0	0	0	9.76767206710379e-05	0	0.0102202973706803	0.00114362280640086	0.00471606897580626
C[T>G]C	0.002184506239703	2.24271803015615e-05	0.00600826223385032	0.0013437354153372	0.00362833253983673	0.00425064006874988	0.000813830390079967	0.00217264084332763	0.00679800741220036	0.00181440095967532	0.000102956337150036	0.00510699534444734	0.000149226280964104	0.00208809919195736	0.00203618521791434	0.00858663932062917	0.0202498871345521	0.00207638420425835	0.00114634150985439	0.0088104487460903	0.000515550713622237	0.00110433127206708	0.000200502663790357	0.00230596986746025	0.00298395901762009	0.00406896452445338	0.000398626258464431	0.0366454151214856	0	0.00620592843907286
C[T>G]G	0.00162043842957508	0.000225461994818344	0.0105056198232048	0.0046272136578095	0.00725533760878524	0.00517077517457688	0.000891000065484584	0.00666123020542657	0.0130245736282594	0.00362955846261257	0.00110214079752573	0.00456428974440633	4.52392189209333e-05	0.000508021911486032	0.00073005071322896	0.00682771652140396	0.0133768040677188	0.00532511737801261	0.00131842672031119	0.0155609463121623	0.000401377191292288	0.00422840428829513	0	0.000116968032968245	0.0118406954077187	0.00555396944188247	0.000410331865068892	0.0194715421552541	0.00219217006146149	0.00742552371501289
C[T>G]T	0.00289255439407178	6.86173089139723e-05	0.00906565576961122	0.00124942580056061	0.0120690508968548	0.00920558949077098	0.00133212838134079	0.00508098190756275	0.0544600774604	0.018479531745015	0.000933371219778684	0.00661406934517774	0.000472166936497084	0.00662552796960496	0.00485774826890284	0.0196191923579754	0.269155004599083	0.00242973785110788	0.00199449865229227	0.00228807593367521	0.00332361093299918	0.00170258454542731	0.000223943375256748	0.00269297557062994	0.0089041835483929	0.00709912519637705	0.00151568992692948	0.129490011485325	0.00119602856959439	0.00953051297475418
G[C>A]A	0.00789802899888268	0.000329287909059003	0.00921849324090361	0.0358175556197904	0.0114317724428748	0.00235040807221511	0.000281256688304547	0.0226211728903728	0.011551047105221	0.00130054829870336	0.000379534065472819	0.00595523301644272	0.000123071666802294	0.0017319339382948	0.00237035071637723	0.00926442114931144	0.00615537051217564	0.122202540178817	0.00307332861640886	0.00106913315030495	9.50252620260354e-05	0.00124124017725461	0.000340038172055677	0.0531683586903465	0.0128286726882871	0.00131582181202049	0.0103644216359303	0.00212773429202798	0.0746751850210016	0.00843829517380787
G[C>A]C	0.00493437930690677	0.000111816346919329	0.00920839710365687	0.0339514831766702	0.00794093031214324	0.00507385180504677	8.37450913461341e-05	0.0134997897755111	0.00804460883302782	0.00182557166761604	0.000847556244091201	0.00480477276656275	0.000627643723797617	0.00979809002268917	0.00873402273904053	0.00810312738793614	0.00108849874388384	0.0136468263966466	0.00265949067469839	0.00279920454328709	0.00322552512370334	0.00154533613197411	0.000493354057912039	0.0955014799884168	0.00550469969015889	0.00167645832148241	0.0107097443383147	0.000381798490405118	0.0627850653712223	0.00795640100753229
G[C>A]G	0.000541287358740905	0.000152806663339846	0.000808637658785059	0.0197953574232571	0.00247208140292854	0.0018826982309245	0	0.000744056039757719	0	0.000170081797416155	0	0.0013189481416345	8.25698526553671e-05	0.000968904324148755	0.00117536867201365	0.00318037952300466	0.00110678240084879	0.00805741381115913	0	0.00328977955826005	0.000260969481110618	0.000292161194577426	0.00013292487350908	0.0414159383684971	0.000573969970681564	1.15870826144092e-05	0.00143753164815144	0	0.0152259290751311	0.000772474415755368
G[C>A]T	0.00451303392736421	0.000121218843851249	0.0122515783999065	0.0259280353544611	0.0104468405868752	0.00898862135324091	9.89061755875797e-05	0.0212234687910992	0.00877809099582603	0.0086242815669591	0.00060059792413591	0.00273597824069243	0.000541624964303367	0.0747099484960454	0.0321959802100899	0.00641400672520303	0.00308398724047348	0.0721269267380568	0.0072951348315854	0.0130737851013478	0.00230573141653005	0.000523588891294408	0	0.0517335897328783	0.0105264538569912	0.00195307013950976	0.0075352467379353	0.00138520033544689	0.0601628416859269	0.00820985803608939
G[C>G]A	0.000577652300380054	4.19438080815441e-05	0.0113293354931687	0.0066681619504929	0.00534419413139355	0	0	0.00355767779066249	0.00107679252675789	0	0	0.00115262574511795	0.0012571021588374	0.000192437104254977	0.00217282149001247	0.00299163599613182	0.00122094282636182	0.000877072712769931	0.00192083038525554	0.00128336283928328	0.000380101048104142	0	0	0.00480866566539579	0.0039725194085804	0.00126348371518521	0.00136655350480394	8.12517460276279e-05	0.000254279673900544	0.0070319126448399
G[C>G]C	0.00205100099032616	1.2132885525991e-05	0.008342456492011	0.00774332072450374	0.00462724420062589	0.00262440610605867	0.000334980365384537	0.00259946198859177	0.00253580061041094	0.000165961060692367	0.00016951124881824	0.000943794650574825	0.000656405913678397	8.59481580937647e-05	0.000441112259547501	0.0027585114512123	0.000219382483272956	0.00055005606948567	0	0.00154971544531112	0.00356505408409316	0	0.000119359852832663	0.00813887811540837	0.0020363428703717	0.00157720431179675	0.00115918694487112	9.35966517971666e-05	0.000807677061549376	0.00561134484908799
G[C>G]G	2.18271332600555e-07	3.4823811938527e-05	0.00145433047118091	0.00540666149886316	0.000968517134725858	0	0	0.000280874903661618	0	0	0	0	6.97524729427502e-05	0	0.000542477848621687	0	3.77435205789632e-06	0.000471760289467223	0	5.59055466293907e-07	0	0.000187892888062079	0	0.00500796130363267	0.000364731230893414	0.000179600643226762	0	0	0	0.00137331693545394
G[C>G]T	0.000900850457253883	0.000264904068076798	0.0179674167988291	0.00602977566382816	0.00612662018227516	0.00175639727592064	0	0.00582015306568099	0.00454395298607465	0.000392012798498141	0	0.000911992746897475	0.0026340264638268	0.000304524246587142	0.00187549399282077	0.00295247928620457	0.00180879193507687	0.00137882497804345	0	0.0012513377515296	0.000400996768092183	0.000543044543102326	0	0.0031348403802682	0.00200417421590198	0.00123697995427721	0.00463629890953865	0.00016775629691699	0.00484184270192244	0
G[C>T]A	0.0239300915960811	0.00597822708926001	0.0153321870659921	0.00828757270989831	0.0192624922657609	0.0639506862981861	0	0.00215994020070859	0.0060691942417263	0	0.0247645977721015	0.0119104660328854	0.00273340532930389	0.0535937335350112	0.0470119558748151	0.0120630483714993	0.0019484564575181	0.00256612177266703	0.0359195282042786	0.0544028297988895	0.0154891177102438	0.00183109203348927	0.0517792107706107	0.0230259338914091	0.00956352259020483	0.00919097879276848	0.0136979602643652	0.00337015227723304	0.0111360252787796	0.0463171187957659
G[C>T]C	0.0232762444888123	0.00166768903575433	0.00697094616403053	0.00680731492264065	0.0154753601710473	0.0676221973327785	0.0175864691826882	0.00137938105214611	0.00603345662477087	0.0111193910663886	0.0826367337988921	0.00789355525935308	0.00209299823537314	0.0531159617019466	0.118659197818278	0.00793072042223537	0.00027383458687465	0.0035610298275398	0.0526750733633811	0.0465730181388605	0.0332738381182028	0.00275753517917193	0.141423691955349	0.0138277653402691	0.00591793916543295	0.0166714601353072	0.017338650552494	0.00150102411901101	0.00323216129724846	0.0421269760544669
G[C>T]G	0.0909594997256037	0.000259488868335737	0.001055615449478	0.00200569700764279	0.0116105386434586	0.120044425295615	0.000171648886811262	0.0101491412344781	0.00788590264610705	0.0229610426511809	0.00781740607853634	0.00202238715050623	0.00273348588270412	0.086144402637953	0.165365330854844	0.000795094880751166	0.00647611744363862	0.0103395157275855	0.0244418012843077	0.00402731707262502	0.00165280671370058	0.0028885469971647	0.0116064034470147	0.0112591827501432	0.00913006810045709	0.0197088032897527	0.00826413579666927	0.00199583532308262	0.0172414414668317	0.0137329075875398
G[C>T]T	0.0179038966386505	0.00322292689790205	0.0106430928990335	0.00824069340723182	0.0197785222405228	0.0541383630930832	0.0159238942696003	0.00633334129368675	0.0104304375362168	0.0148964863429293	0.0522520193998242	0.0116532406548011	0.00165870242321544	0.0563369856186212	0.083355288569812	0.0118099171448183	0.000919797959468019	0.00191629962334593	0.0929116477856085	0.050104337563383	0.0166413658758256	0.00112358910020722	0.11030361708308	0.018598899836813	0.00987388545108913	0.0174691327498922	0.00771545655991075	0.00109680119034977	0.00581550366728448	0.0189914243124015
G[T>A]A	0.000697750117778844	0.000113503542319646	0.00444869148665394	0.0069354394574796	0.00683682042666288	0	0	0.00820329038580857	0.00309868476923296	0	0.000300350819388889	0.00152025039159362	0.000135610969016484	0	0	0.00305481634862489	8.49269604247435e-06	0.00187861926890113	0.00263480915990965	0.000164880625287427	0	0.0541779213339159	0	0.00228309834600416	0.0364086622292723	0.00226422714230273	0.111692422375089	0.000579454963077346	0.00295815694500585	0.00375941561561272
G[T>A]C	0.000626489337908323	0.000324960960554808	0.0063109885429771	0.00585574919460721	0.0045700612017372	0.00324161239492053	0	0.00893187484940066	0.00335589504725539	0.000109816974435642	0.000336498436447072	0.00442835777885475	0.000278475786927873	0.002843608808234	0.00443665836807646	0.00456329003102321	0.00286530807221204	0.0016949513072116	0	0.0043020977029711	0.0159513867502975	0.0107242499009142	0.00021046503619788	0.00557888769449619	0.00658533864583892	0.00588950025177308	2.67188934684964e-05	0.00372472364360237	0	0.00376848224790372
G[T>A]G	0.00131279842492063	9.46231161071789e-05	0.00874735051117249	0.0144448230975575	0.00746843436815084	0.000669939779789351	0.000641335591225917	0.00986370738796473	0.00312499888306303	0	0.000432716295099836	0.00208071768371498	0.000163054890845365	0	0.00292770424625843	0.00561138051655085	0.00380008211027012	0.00162935442638946	0.00175198947011515	0.000904643046048674	0.00335856112805242	0.0548182441812925	0	0.000217033290630227	0.0415383857343393	0.0014814503415241	0.0017203874669966	0.00244429666379832	0.000582125925454977	0.00545173663048682
G[T>A]T	0.00219376068364498	0.000219024886493734	0.00895434768860427	0.00465195626722318	0.00532139669087409	0.00223185683834166	0.00101741143517017	0.0184639334825542	0.00382434319587043	0.000403249141477423	0.000102968830868446	0.00323134831382451	0.000124092158035114	0.000939758661955318	0.00460876785570745	0.00345601808678228	0.00396476642783689	0.00372019498916397	0.00541972655795072	0.00197587133556395	0.0042280288593917	0.0109986118278756	0	0	0.0208517597351421	0.00260929339400512	0	0.00216974791280525	0	0.00661370925475756
G[T>C]A	0.0113858965956767	4.6132649485375e-06	0.00687153958728289	0.00613133053487327	0.0165281102337018	0.0126069100484579	0.000197846510529254	0.00576584074764312	0.00939934380000665	0.00627328789571795	0.00100116939796296	0.0580735649588764	0.00103613044581523	0.00791899767240587	0.0203213601902644	0.0163941810709535	1.13306338006712e-05	0.00053002512247211	0.00395221373986448	0.00249581899410503	0.142980034161773	0.00425426422661	0.000257547071600338	0.00130283049991843	0.0175819921514793	0.0989857782912319	0.00485742459120379	0.00384059182949499	0.00715870596061314	0
G[T>C]C	0.00793840872221299	0.000205756954009105	0.00703623735554372	0.00180176898295606	0.0108803377234285	0.00683054040358255	0.000110828799443698	0.00585032031834842	0.0112248903304749	0.0110915144179998	0.00179465832771772	0.0311120520873385	0.000583563741790705	0.0144455327458287	0.0582603296228988	0.0112941428267824	0.010752935386405	0.00255776390241503	0.00340605221042961	0.00177288430917252	0.0747019168235764	0	0.000618306860174685	0.00771380232061762	0.00455639274703868	0.0454964699210624	0.00223832393221508	0.00832436067496212	0.0080434796851021	0.00742609032831044
G[T>C]G	0.00544444150282465	5.27974484811256e-07	0.00661054714123283	0.0045615230834392	0.0154577084096558	0.0128405124459626	0.000320667795612958	0.00548952406647112	0.0104910676788545	0.00571932395928299	0.00205540240172422	0.0448996973854284	0.000669241061253753	0.00899549688183563	0.0173410174586076	0.0162840062048927	0.00499772802529977	0.00635461036547719	0.00656996051293183	0.0298605846249091	0.095773162490269	0.0016075622813276	0	0.000307863232980237	0.0145578061505456	0.0486726255193809	0.00135040207588307	0.00934670825793799	0.00615587357067829	0.0085518161819429
G[T>C]T	0.0111059404212052	0.000587365810023509	0.00774747466507843	0.00248104334251903	0.016343681099421	0.00446371367668331	0.00824103262487838	0.00879877803879396	0.0133852011855465	0.0125007233858001	0.00236828310997427	0.0422160021644815	0.000683606150218182	0.00897991610312859	0.0100749808938721	0.014871350555245	0.00832939643967353	0.00491582139688824	0.0103183255622523	0.00155748193038895	0.103432023072436	0.00161952293393609	0.00105014274665268	0.0044727833745805	0.0146397857498187	0.0576532074318804	0.00391853955959907	0.000440798879474096	0.0116684646762316	0.00875042381200005
G[T>G]A	0.00010026073025131	9.43137482236312e-05	0.00415748648708796	0	0.00165095105651243	0	0	0.00098225535743258	0.0074368434461591	0	0	0	1.81749787175981e-05	0	0	0	3.89507748873319e-05	0.00134381088744158	0	3.61756217983856e-06	0	0	0	0	0.00557545455704534	3.77490213357144e-05	0	0	0	0.0032646974397647
G[T>G]C	0.000229503499038	5.19765596080116e-05	0.00505962420192936	0	0.000372431378306131	0.00185234993995459	0	0.000592616036636285	0.000694323113225253	0.00219633948871283	0	0.000454190541421001	0.000102829633225741	0.00216114269425784	0.00256859168678111	0.00365063202481856	0.0101079941870728	1.03295745751319e-06	0	0.00320527379925711	0.000674002257054824	0	0	0.00123418296950592	0	0.00278308501590151	5.78566816716936e-05	0	0	0.00210593312044612
G[T>G]G	0.00129980894345011	0.000117237995832573	0.0177669586935641	0.00195493846433109	0.00651988868310989	0.00111656629964892	0.00181711750847343	0.00662979737667849	0.00558035514832684	0.000953220659880498	0.00108179073774959	0.00120462602741393	1.12364372864526e-05	0.0013164141778296	0.00416634835044469	0.00088021655161582	0.0051358718865241	0.010493502578725	0.00470847170093448	0.00298501428597985	0.000433362726200312	0.00204649345601206	0.000207336582211631	0.00324254731259261	0.00943409801617672	0.000891410147610764	0.00521071844007867	0.00478880974427445	0.00397143059272049	0.00363452731091418
G[T>G]T	0.000833640870071513	8.77875999387111e-05	0.0072913476692287	0.000206753611876586	0.00345034860321541	0.00371976139723609	0.000915670291653153	0.00562600683570368	0.0196528747565564	0.00302436856108068	0	0.00333558535620595	5.43307862760009e-05	0.00396786990603356	0.0203643230833585	0.00460802411570971	0.0649015537651188	0.00297794175220328	0.00260563776824554	0.00369920636059471	0.000824981240856916	0	0	0.00087071021280439	0.00286244159145102	0.00813336294376325	0.00240355709067349	0.0342029231646367	0.00641797006916234	0.00579965379822959
T[C>A]A	0.0119595422171708	0.014400462438388	0.0112741550384709	0.0319901849145636	0.0144525933513184	0.00169424284878301	0.00095406137886373	0.0262766354217943	0.0221150045781511	0.0353561333628089	0.00086901643942811	0.00645127740301782	0.0456624582974541	0.000489579848225458	0.0057288959477694	0.0119812353314922	0.00174877585395546	0.0648055357597341	0.00498452649848087	0.000670952410974916	9.67016283900198e-05	0.00394168828221587	0.00204837772552041	0.0311233086351255	0.00672673057319622	0.0026093691220821	0.00694198277254201	0.000786303613409634	0.0261865894397007	0
T[C>A]C	0.011751080160217	0.00670565047023752	0.0173250227565348	0.0562387583652919	0.0127042579158622	0.00311655915986367	0.00205758103749747	0.0189613469310073	0.00461905519970861	0.0104997999206053	0.00260301175272277	0.0104348837083427	0.0177156207984424	0.0175271883869137	0.0067195223953934	0.0153553743151238	0.00132966743350845	0.043617243065949	0.00663964592225857	0.00426580831617302	0.000521380073856998	0.00287419945154451	0.000742651223455712	0.0667335659023501	0.0107125113747391	0.00213299004214978	0.00662871366591626	0.000906236037115631	0.0331868865612492	0
T[C>A]G	0.00243534863281929	0.00172862193299357	0.00143947212715731	0.01105210658462	0.00418488687471615	0.00120178931832769	0.000209177624141634	0.00180605953242128	0	0.00321265262938596	0.000105850861594163	0.00203593682095681	0.00238320300134129	0	0.00275451411386375	0.00430636338095294	0.00228314480094096	0.0160579890010394	0.00192856887196175	0.00106979727285756	0	0.000547275698118745	0.000107754798467072	0.0138884712311019	0	0.000282919503428971	0.00155486439032795	0	0.013342959472268	0.00177809964035977
T[C>A]T	0.0166648480693414	0.0131989811085784	0.0176713221825181	0.0401236739688826	0.0199640683149051	0.00646622617964462	0.00138744515951889	0.0414741432948032	0.0358827805461021	0.32603396385792	0.00043205758345662	0.00535789279301625	0.0197621448034248	0.0565196402411983	0.0163027263631001	0.0172479537288801	0.00537416565284658	0.127392317122553	0.00951194091235537	0.0133353665342025	0.000432703030513515	0.00392402570976383	0.000229475996624937	0.0335392381746629	0.0267083367239567	0.00328616269306328	0.0107570828204899	0.00226511692221655	0.0448834249133123	0
T[C>G]A	0.00183038934292818	0.0354521551489537	0.0155195916456831	0.0031020785371698	0.00262272799478612	0	0.000190812275772746	0.00400275479800889	0.00328736554540084	0	9.65573821586789e-05	0.00234591905564284	0.265668808389147	0	0.000904562518068853	0.00491034234897221	0.000376374634104315	0.00174181953483737	0.000488679068478517	2.36860724304221e-05	0.00019340325678004	0.000219371639640205	0.000228057986866279	0.0101142805824823	0.00950014233854181	0.00409106128948753	0.0028147620538461	0.000528359249625863	0.000798852112886613	0
T[C>G]C	0.00217648313985647	1.99280059667505e-05	0.0210214102212036	0.0109759658519622	0.00835881980234066	0.000214935114473357	0.00102879051874874	0.00398271846612913	0.00268549720913291	0	0.00114532517119802	0.00284587737500254	0.0653085076532916	0	0.00281786423032626	0.00677754452529604	0.000677590951326179	0.00819132530427261	0.00115930325626737	0.000159773307284986	0.000312828044314198	0.000659542320589542	0.000176795120017079	0.00808674664854998	0.00341503227693118	0.00294782343154683	0.00328640649470258	0.000729241846614123	0.000466301965193238	0
T[C>G]G	0.000326315934769958	0.00169628185804833	0.00268107249741372	0.00329437792426173	0.00141457451189892	0	0.000313766436212451	2.73358638891418e-05	0	0	0.00031755258478249	0	0.00990264226230282	0	0	0	1.43333848163648e-05	0.00160260623934623	0	0	0	0.000422129288821965	0	0.00172780385252751	0.00218673406408803	6.61425630404653e-09	1.37710189101265e-05	0	0.000152954922040291	0.00209188818471461
T[C>G]T	0.00344191341437637	0.0712201901973127	0.0353615719124042	0.00542211810390305	0.00727129777725978	0.000111486658269735	0.000747085855125557	0.00679346874047298	0.00546042312658075	0.000105752177702861	0.000864115166913239	0.00164017126316824	0.350207155648916	0.00010953418651395	0.00168648893411381	0.0185662686635715	0.00305829950519719	0.0038550194996399	0.0114799286873254	0.000744850544010776	0.000324527272885136	0.000280101075276684	0.000485608296742978	0.00675344596938233	0.0177879068714169	0.0087342923055177	0.00233716674260748	0.00141227841229518	0.00149208026121916	0
T[C>T]A	0.0141484062543539	0.399760656171188	0.00859134312686491	0.00339289840002947	0.0107582978488251	0.00737493945940842	0.11467817773942	0.00697991771713619	0.00498085688697098	0.00349779928990356	0.029160329411921	0.0134890345699463	0.107924773864562	0.00900826920734843	0.0112567780026346	0.0168915776804644	0.0154320439926913	0.0144172498004968	0.0213064073856633	0.0104403888287434	0.00618890421696127	0.00196199537348605	0.0143975687737141	0.0262948188746775	0.0107399716808631	0.0110051364569248	0.0183939719649499	0.00772443274726518	0.0117587470574005	0.0824370992456981
T[C>T]C	0.0186135047391568	0.0841453566437686	0.0141147306720469	0.00731731056797478	0.0217776992173935	0.00720032633485745	0.29701182276276	0.00425669538259128	0.00902327062268659	0.0215092988664827	0.16544742700306	0.0100132722453793	0.0153595587545812	0.0298806886355216	0.0169071853819576	0.0138727864502153	0.0173427752140534	0.0103787370028439	0.0347790976880211	0.00859368878646287	0.00896773727034036	0.00208851572979848	0.0463995021984941	0.0128644260617537	0.00674200807923277	0.0113466478075839	0.00844787049296749	0.00559135037264655	0	0.0944500424994434
T[C>T]G	0.0813413569080032	0.0497992043141423	0.00180873650290247	0.00116897281183481	0.00807997397240142	0.0427181475878299	0.103752101574251	0.00589822719808562	0.00513264032542714	0.221880299339205	0.00846806892753307	0.00107154569524043	0.00634170980122798	0.01008997981087	0.0114587787136732	0.00387572704285764	0.0170973505079919	0.0122319323973623	0.00964284435980875	0.0247533922387662	0.013357132900449	0.00159812179089713	0.00298419745931827	0.00581826508402086	0.0149684727157789	0.0110621801831432	0.00495475435334587	0.00213082043274699	0.0168971011164344	0.0161078473878662
T[C>T]T	0.0150295016905795	0.243515185460191	0.0111521205386651	0.0083500618800107	0.0128992264346344	0.00523987293867754	0.0900772088179958	0.0132759064187181	0.0106979718398317	0.0414548536595214	0.103045733654404	0.00984102757900945	0.0298434296360531	0.0250833287116946	0.00854487726617662	0.0212028985329545	0.0212587989276595	0.00583371286467494	0.0291918186620561	0.0104030969736317	0.00692324848821624	0.00128661573695301	0.0269144631807537	0.00612442306042241	0.0134687988005422	0.00789538978871102	0.0130328936168999	0.0070208764758842	0.0146631456365421	0.0494181279336983
T[T>A]A	0.00502053205478697	7.05895986603986e-05	0.00633671464857432	0.00400579553336619	0.00826941002681298	0.000183033333373847	0.000876092110176501	0.0135140226853063	0.0196673557113272	0	0.000265999114614402	0.00511623036061553	0.000351057529045282	0	0.00073834530779965	0.00766538808231618	0.000615049988127363	0.00413694406813748	0.00350019140187408	0.000827593449692327	0.00239756839535275	0.0364583835521036	0	0	0.0194354364393981	0.000561596182383272	0.0475571427120324	0.000189129991278796	0.0010650691930196	0.00683399995255665
T[T>A]C	0.00207443525573027	4.85968794084128e-06	0.00936065916871956	0.00473973764536656	0.00710724462277324	0.000847442787408122	0.00152111215110843	0.012494907738787	0.00285885075798975	0.000803853318754645	0	0.0137141650985305	0.000777721633105399	0.0016652029539047	0.00202975369454891	0.00908143923564199	0.00262773641798881	0.00264738839813234	0.00498641742276377	0.000733783436863092	0.00462530059076128	0.0264413193578394	0	0.00840838305174419	0.00350961049330372	0.00525065719376203	4.90832122926018e-05	0.0109664375544858	0.0017414381017421	0.00669336504954853
T[T>A]G	0.00106142430763313	6.32380716335604e-05	0.00633563050156197	0.00792824039705186	0.00697046089662959	0	0.000951560624890137	0.00810744703946978	0.0139098434452905	0	0	0.00360714543299564	0.000231840148857218	0	0.000601461005909233	0.0061708141187598	2.02027665453719e-05	0.00194323172231714	0.00506894085513661	9.43104949872627e-05	0	0.067771771068743	0.000228364366582388	0.0110562779750204	0.00985506941083102	1.95557972099419e-05	0	0.00328536453459013	0.00236834775653237	0.00352105463527275
T[T>A]T	0.00337941291978919	0.000228711292958074	0.0123761047540999	0.00379302507231122	0.00871071134774106	0.000606589891746934	0.0041477895113147	0.0233723681370687	0.0120397993299185	0.00230155618691443	0.000671654391770494	0.00798913985761126	0.00013217421107607	0.00102165711569078	0.0002621728544162	0.0068312809027153	0.00323615115547595	0.00236772338160902	0.00722342300236924	0.00196088435649663	0.000672657770410329	0.0199456833442863	0	0.000232815435729406	0.0122468108556933	0.00104596528421069	0.00164539543072006	0.0145327590998416	0	0
T[T>C]A	0.00723798656047544	8.91039294838613e-05	0.00809825762804334	0.00249249499853897	0.015324649547273	0.0053994833345285	0.00201501185340595	0.00437471729052643	0.0142702673998467	0.00260428116201138	0.000177332743076268	0.0448792136896099	0.000682556924001894	0.00161845074814079	0.00627593511629703	0.0221845349205857	0.00150378895702529	0.00026818322400502	0.00466692186916544	0.00513289844204525	0.034542744658971	0.0042913961288237	0	0.00152869995991477	0.0129226789392713	0.0257395475488891	0.00154971680785996	0.00924030020977564	0.0102810598133653	0
T[T>C]C	0.00504048186972029	0.000475905048929515	0.0112640866542958	0.00164860439838837	0.0147603944813386	0.00370756219491053	0.00182533458133012	0.00628282400129317	0.0145060205127628	0.00974672148990007	0.000923680240294677	0.0355321550280108	0.00013399283290555	0.00582821033866645	0.010576085040018	0.0191023377025573	0.0112818561377286	0.00642891613191588	0.00207767392615157	0.0116399755522266	0.032171535220184	0.000943225449740633	0.000242403534101602	0.0024660205289185	0.00763207842966649	0.0379169782052572	0.00363676510612011	0.0312487602053341	0.00370940875681007	0.00943155984254565
T[T>C]G	0.00810670359056637	0.000182630448393081	0.00589867919533381	0.00348069090602277	0.0122901535392587	0.0105364121946382	0.00180796518729126	0.00166024533957721	0.00973689041170333	0.00612867603658341	0.0006741300241067	0.0311969334745569	3.53653482602832e-05	0.00332041672904518	0.00390949653841002	0.0161616560253233	0.00567071610182184	0.00148508886315588	0.00555633901428436	0.0231078652816195	0.0240155911667075	0.00172884251664902	0.000236243453264993	0.000475007385519915	0.00473101488698992	0.0185898765789583	0.0011275240844686	0.0158517900685163	0.00164538138185811	0.00580496104887642
T[T>C]T	0.00531153544992815	0.000484487676471545	0.00906355947282067	0.00185436781312993	0.0147790286563315	0.00251301526580873	0.00199093896543105	0.00845483746100227	0.0267647337621928	0.00813764508944746	0.000419783994856559	0.0315316051826998	0.000148130203443987	0.00221359041733002	0.00410737471918714	0.0148580359634058	0.00600723662428917	0.00114056528085436	0.00322929498929448	0.00457289234729116	0.0230385286365538	0	0	0.000308163067477808	0.0143435716962815	0.0195317152409973	0.00130279381061036	0.0152365845569218	0.00321689830561251	0
T[T>G]A	0.00125290511872677	6.27086887408157e-05	0.00482154132136721	0	0.00467373417981895	0.000823650000182313	0	0.00155600653159757	0.0459209886841222	0.0043404686033523	0	0.00170541012020518	0.000475824645250194	0	0	0.00613231046585294	0.000117419530947794	3.22192253188838e-05	0.00287195191948643	2.40922377111688e-07	0	0.00147555807384425	0	0	0.0018531315185533	7.63069826143742e-06	0.00107067502915996	0.00873788311059728	0	0.00771018348269376
T[T>G]C	0.00134042946492013	1.44503213478311e-05	0.00633475615954307	0.000309113324697819	0.00533573605586351	0.00201267662009429	0.00101407476740562	0.00263446072785507	0.00857655227396924	0.00924431316567842	0	0.00280517013379033	0.000237148706116702	0.00156112776928566	0.000427316567273456	0.00720252077309537	0.00979365077806995	0.00332067830407298	0.00186990653353641	0.000390858116884729	0.00185012023630451	0	0	0	0.000596646182232216	0.00281329439011234	0.000292148542787494	0.0324406427436733	0	0.00446231209874248
T[T>G]G	0.0019777105040069	0.000196170503103858	0.0106881269366008	0.00290057575501897	0.00590798971417993	0.00109340126548132	0.000951560624890137	0.00584643793170916	0.00874333016561116	0.00207432112007438	0.0002889128674743	0.00107239458818789	4.52932914535049e-07	0.000195318631120305	0.00090219150886385	0.00479952209236874	0.00432326162194762	0.000727097838453995	0.00107227595012505	0.000501114424165073	0.000289344471888042	0.0024963764377118	0.000244122540933944	0.0013427894122022	0.00911791138895029	0.00132955201072986	0.0023013702711332	0.012835243687816	0.000343484551978727	0.00799367244761284
T[T>G]T	0.00342109753948986	1.95326288647235e-05	0.0109366545419486	0.000927183906564965	0.0113722637369993	0.00623921031511132	0.00116138106316812	0.00610567217731052	0.0472064074446443	0.0520316095113156	0.000251870396913935	0.00271970718556979	0.000552770239964219	0.00212845232435579	0.00288390139857821	0.0139187348392824	0.0483701303193075	0.00178623551546439	0.00110475881212706	0.000521822901706041	0.000252246663903873	0	0	5.98138067697117e-05	0.00663418471796532	0.0021740473225293	0.000118995219068234	0.205890983839701	0.00516846086685467	0
