Type	Signature_1A	Signature_1B	Signature_2	Signature_3	Signature_4	Signature_5	Signature_6	Signature_7	Signature_8	Signature_9	Signature_10	Signature_11	Signature_12	Signature_13	Signature_14	Signature_15	Signature_16	Signature_17	Signature_18	Signature_19	Signature_20	Signature_21
A[C>A]A	0.012829834079145	0.011930047192481	0.0117591025481286	0.0272453047042801	0.0415262785673523	0.0171028276834681	0.00198839654175336	0.000447882037150873	0.0419823320688591	0.0140295145284074	0.000776637826305174	0.000226643264161317	0.00883323621629029	0.000778713548418977	0.000114916096924699	0.00153343993370498	0.0185564536767335	0.00202429283738366	0.0567470753341904	0.0122733988745717	0.00148507277987032	0.000113490922278793
A[C>A]C	0.00946718994437908	0.00958345299221118	0.00613684225030536	0.0200898595140794	0.0315804907115889	0.0091770247792096	0.00294199787796827	0.000502925786704249	0.0294124284404776	0.00703665803467471	0.000996668529096223	0.00101798895668729	0.00484347679290249	9.99332327891369e-05	0.00433571176978003	0.00423851431226472	0.0100431762913688	0.000303076549422769	0.00774849429273606	0.00762505598486092	0.00246289486554329	0.000713656805059821
A[C>A]G	0.00162475666936576	0.00173549296292471	0.00137664601843118	0.00203952052650481	0.0196868072986041	0.00238780240087249	0.000552991090362556	0	0.00183384115194553	0.000552745802744334	0.000314728307209448	0	0.00184404745317683	0.000105189827481938	0.000543306528084967	0	0.00239765028670879	0	0.00182438483090131	0.000542306896423954	0	0
A[C>A]T	0.00626929895422339	0.00667665657556371	0.00359966442409072	0.0169622823321493	0.0240166171632247	0.00917370757285331	0.00193055905854813	0.00038908013512241	0.0297314033398243	0.00690630450623084	0.00886714355593801	0.000196887538525605	0.00458418740958105	0.000193279191208392	0.0295493540171284	0.00584081815604737	0.00881104036975848	0.00312626814053023	0.0178454484942058	0.00737374651324615	0.00287791389902095	0.000591545001308348
A[C>G]A	0.00206193761986259	0.00585031160400512	0.00537558973628738	0.0245207742338521	0.0110357507425566	0.0134297371742669	0.00152053853192904	0	0.00969700604851366	0.00561180581136296	0.000554741304503696	0.000793251424564608	0.00355623795720778	0.00200240626736308	0.000114916096924699	0.00129752609775037	0.00553235886014415	0.0017993714110077	0.00158891810935733	0.00665287041799216	0.00057118183841166	0.000567454611393966
A[C>G]C	0.00267551020167235	0.00443105891037721	0.00311872311081092	0.0111157090712419	0.00551892070687961	0.00752722257171125	0.00126085623341497	0	0.00379184617525321	0.00241556917608236	0.000299000558728867	0.000305396687006188	0.00154579046581994	0.00139906525904792	0	0.000105962857806618	0.00248490959786446	0.0016164082635881	0.00173321582863833	0.00195778464476159	0.00225765362674802	0.000815607777211224
A[C>G]G	0.000649902667746304	0.00130161972219354	0.000211791695143258	0.00407904105300963	0.00333492364074714	0.00249633887363942	0	0	0.000862984071503781	0	0	0	0	0.000736328792373569	0	0.000669219703260693	0	0	0.00289755237849032	0	0	0
A[C>G]T	0.00298538045439209	0.00538118589672299	0.00603187011604392	0.0205125274714364	0.00533702603627215	0.0116665628915635	0.00182895068704559	9.72700337806025e-05	0.00802747890175256	0.00385940545936429	0.000192763990346479	0.000885993923365224	0.00249140620085927	0.00135295433845874	9.98288987065148e-05	0.00102470493965743	0.00730915848854964	0.00117235055269884	0.00423952643784999	0.0071744560669422	0.000595430461866404	0.00177463500392504
A[C>T]A	0.0340219707277327	0.0303986779423795	0.00828736751010971	0.0210015890428825	0.0136524751454309	0.0251377131723457	0.036492924766297	0	0.0261248751189368	0.0108728737595157	0	0.0254973672181481	0.0138807997684562	0.00144618230420667	0.0336704163989369	0.0138009594033448	0.0155597592941554	0.0106837677528582	0.00397229527339332	0.0253497303857977	0.0338139648339703	0.00578803703621845
A[C>T]C	0.0148182103477238	0.0170029004700521	0.00362174296739333	0.00968800331897229	0.0076651676484439	0.0131984176599868	0.0171266305038867	0.0198152759961474	0.00655886905989744	0.00588138582002662	0.00318933929310791	0.111876986339934	0.00556484567695179	0.00159893172462619	0.0331372256690331	0.0179077229693184	0.00786888039323744	0.00434409720839302	0.0014273542118198	0.0209173833098212	0.0228843981256731	0.00632096027338699
A[C>T]G	0.185222260307697	0.0729991727530208	0.00508300068343819	0.00214686371211033	0.00301218909486838	0.0180170544793106	0.10042318200984	0.000105876043960801	0.031606791618826	0.0138186450686083	0.0132185889027968	0.00771506108784149	0.0020609942123741	0.00420759309927754	0.0538960075860288	0.0344648147179257	0.00381444363794581	0.00999591924672989	0.00965850792830106	0.039913787576803	0.0368343335614565	0.0274723077345224
A[C>T]T	0.0126381105902598	0.0189338022292105	0.00447525847319387	0.0144968343187555	0.00583119511370475	0.0164528451034869	0.0151396473538774	0.00418261145256591	0.0206137729822782	0.00771881091872858	0.00452995377314224	0.0629055685589309	0.00667696861830284	0.00115967514725035	0.0276526049417046	0.00676305260173907	0.0101126713334728	0.00566636100471104	0.00473249462829767	0.0265056293584253	0.0180613906766143	0.00295772500654174
A[T>A]A	0.00376471751652526	0.00433546855003528	0.00193229557594745	0.00904735326031622	0.00448684195350383	0.0082048432870718	0.000576600101190749	0.000919968674682887	0.0105917219278531	0.0116229442189652	0	0.000186213945692181	0.00546671582824849	0.000182801212736109	0	0.00203522344769439	0.00767049711247443	0.000554397763787545	0.0027042127941781	0.00103667623368166	9.38585351141468e-05	0.00773942335690654
A[T>A]C	0.00217359533830661	0.0118725242219818	0.00231819047089919	0.00861620643498123	0.00382690561786058	0.00722699089713587	0.00332905533154608	0.000772585648492698	0.00924910245516616	0.00423510013609974	0.000191383058455323	9.77385330814174e-05	0.00643125117957311	0.000575683705490002	0.000792909917348719	0.00915627698472521	0.00725679678947813	0.00184292401860869	0.000783098626165459	0.00524336313670182	0.00187202214740074	0.0285822867965565
A[T>A]G	0.00283818639431129	0.00812042340983505	0.00287384103558664	0.00793573915146947	0.0100672305314326	0.0115788750717044	0	0.000891714909663486	0.0105995616469996	0.00703477440815587	0	0.000701925024619604	0.00466946168417806	0.000590623613561421	0	0.000939389694013425	0.00815903804026699	0.00109464521678222	0.00441881704784283	0.00456744629912325	0.000202168852685985	0.00271146969370515
A[T>A]T	0.00714068637431136	0.00775372119926393	0.00210273109273021	0.00844062238699688	0.00256336383297143	0.00939651905623336	0.00465574083046797	0.00294327300459522	0.0226194227187229	0.0162439623690653	0.000999909269354888	0.000255324755466986	0.00516938905340095	0.00108613020715949	0.000776751723597721	0.00699857074691599	0.00727121926495584	0.00168923347155975	0	0.00284284944265935	0.00454714815328432	0.00366512195480037
A[T>C]A	0.0131765113078384	0.0303482798502469	0.00469271782730096	0.012871492267254	0.0078519734186317	0.0331966073224054	0.00720750126488437	0.000459984337341443	0.0153720566032558	0.0242064623403243	0.00282586609710367	0.000558641837076542	0.0439222340683413	0.00274201819104164	0.00245484231657209	0.0111452712611836	0.0678981040696811	0.00249478993704395	0.00177172562377186	0.0136652776258038	0.0154866582938342	0.0247102071033763
A[T>C]C	0.0062243866506053	0.0113778357127326	0.00173864285317439	0.00871411787174238	0.00196251570146696	0.0136619827918459	0.00564930601716911	9.65732060615873e-05	0.00737960302273896	0.0105877503402493	0.0049759595198384	0.00146607799622126	0.0313647172911489	0	0.00455923202475514	0.00742675799872156	0.0169987979589145	0.00795367208031118	0.00137042259578955	0.00474870623701297	0.0203951886585239	0.0161509497309309
A[T>C]G	0.0103391075792769	0.0183724579647518	0.00247744916860917	0.012857906473267	0.00815445673046044	0.0289471876792609	0.0224591686734418	0.000693556040849378	0.00858059752376155	0.0182076514093446	0.00255254679306999	0.00080220002813669	0.0494353878303199	0.000787498151415228	0.00355900646161034	0.00761949418477556	0.0354918154751614	0.00447809406865453	0.00351496810623862	0.0137023388973697	0.0586289672789357	0.0224951559774057
A[T>C]T	0.00791497766791138	0.026448804535267	0.00580353781593538	0.0149202920982268	0.00307603659956571	0.0233619877453141	0.00202041583208987	0.000925028658587069	0.0169645670390422	0.021687884892752	0.00333303089784963	0.000255324755466986	0.0215391210558373	0.00108613020715949	0.00215764367666033	0.00558113869690768	0.0430213806509887	0.00261831188091762	0.00460284222188769	0.0137835124492575	0.00686361985401407	0.0161094895222621
A[T>G]A	0.0015058870066101	0.000942493163051148	9.20140750451169e-05	0.000746173464768348	0	0.00311218193647551	0	0	0.00506153083277936	0.0321792257301931	0	0	0.00113104465412038	9.14006063680547e-05	0	0	0.00492426975121815	0	0	0.00131940611559485	0	0
A[T>G]C	0.00177839618588723	0.000890439316648636	0.000482956348103997	0.000979114367611503	0.000196251570146696	0.00217799725667109	0.00171496789806919	0	0.000787157655758822	0.0051426215938354	0.00382766116910646	0	0.000989423258395864	0	0.0019822747933718	0.000610418465648347	0.00417514335832988	0.0063047400636613	0.00107676061097751	0	0.000394109925768577	0.00303442085853853
A[T>G]G	0.00141909319715565	0.00375569582704871	0.00168466543465424	0.00813664394011427	0.0015100845797149	0.00558629937669948	0.00072448931204651	0.000891714909663486	0.00615784057587593	0.00537953337094272	0.00147262314984807	0.000100275003517086	0.0018271806590262	0	0.000711801292322067	0.0012525195920179	0.00622126650570358	0.00348296205339797	0.00281197448499089	0.00101498806647183	0.000707590984400948	0.00160679685552898
A[T>G]T	0.00275303571057787	0.00310148847970557	0.00050465546225525	0.00545656396735152	0.000170890922198095	0.00318964408330857	0.00254748083176549	0	0.00359854452343319	0.0169464039850248	0.011415630825135	0	0.00258469452670047	0	0.00483312183571915	0.00256909559064005	0.00657872219210291	0.0258452721148642	0	0.0014644981977336	0.000343180992700704	0.00153423709735829
C[C>A]A	0.00653227549292462	0.00878694694677521	0.00581435288115054	0.0187442828880159	0.044639338100732	0.00947632743398967	0.0100545380971232	0.001143593220484	0.0294203640055139	0.00975156107780419	0.00292731100487135	0.000675145742274828	0.0131810364252612	0.0033138619130458	0.00547716174806447	0.0106418211158243	0.0155974248765359	0.000957166534226273	0.0932153565265267	0.0109341685964072	0.0173065722745951	0.00193186953317926
C[C>A]C	0.00756135009738345	0.00480918285376663	0.00119875583600836	0.016303127064104	0.0623107716330201	0.00511936701378192	0.0251440788599113	0.00059926582817914	0.0206575773912474	0.00594430195763502	0.000890692136840308	0.00171840826099987	0.0114607160247995	0.00109153329050613	0.0104555202736603	0.00883827097216179	0.0102809610911495	0.000401259598650437	0.0221708428573263	0.0162683236929907	0.0382120434673008	0.00141727383915641
C[C>A]G	0.000825552381840974	0.00119412910220391	0.000538065612150731	0.00163625897136261	0.00801700083283471	0.00257358662619656	0.0085230410099318	0	0	0	0.00062189583347023	0.000907427483519395	0.00257209057855481	0.0012471159524447	0.00082817570185211	0.00141681708000374	0.00203044343227388	0.00027016009235641	0.0174491315132845	0.00165330387672025	0.0120747299018551	0.0024537143201184
C[C>A]T	0.00735464370270056	0.00988713943110782	0.00108346110320124	0.0156752992572797	0.0432264585351781	0.0112057361190517	0.0587389185904795	0.00128021457300458	0.0296992999486362	0.00935704138079959	0.0156126362868705	0.00139532898884838	0.00716346640748039	0.00107623754040062	0.127043340700791	0.0236534244088352	0.00851499020149222	0	0.0403265069117346	0.00968474220106903	0.106901001587922	0.0055896538346368
C[C>G]A	0.00126745643892567	0.00205028762091422	0.00400332493456267	0.014782862277662	0.0101673112810778	0.00742475139157953	0	9.52994350403337e-05	0.00524323318910149	0.00179110305510689	0	0	0.00185510883022195	0.00492345198509661	0	0.000903550849456784	0.00392388047208451	0.00181861641502992	9.65962243798204e-05	0.000195253010650129	0	9.6593476658963e-05
C[C>G]C	0.000715262847049786	0.00317201422269714	0.00179813375401255	0.0125564456891236	0.00984388411792011	0.00788382520122415	0	0.000399510552119427	0.00396869713427906	0.00208571998513509	0	0.000202165677764691	0.00194422861134991	0.000396921196547685	0	0.000315652534720064	0.00514048054557476	0.000702204297638264	0.00394823228966085	0.00286486203398579	0.000611392695476813	0
C[C>G]G	0.000458640212133874	0.001102273017419	0.000179355204050244	0.00263619500941754	0.00573944377805212	0.00238975901003966	0	0.000537964988356434	0.00100487151151733	0	0	0.000725941986815516	0	8.90797108889072e-05	0	0.000377817888000997	0.00258420073198494	0	0.00527109181130471	0.000183700430746694	0	0
C[C>G]T	0.00141047961421655	0.00373289958113255	0.00433384441280494	0.0217657021534203	0.00940575718126561	0.00959049487666589	0.000205740520457021	0.000295434132231825	0.00692314762316181	0.00401016059177125	0	0.000199332712692625	0.00191698396819898	0.0040114308324023	0	0.0017636325217114	0.00810951447761164	0.000890182604925627	0.00578944901208071	0.000807061850089086	0.000100470866154062	0.000299445741141257
C[C>T]A	0.0205717929702551	0.0242129204755584	0.0129631474071553	0.014782862277662	0.0203346225621556	0.0223719482719962	0.00846173998272749	0.0718557740204116	0.00514613627819221	0.00975156107780419	0.00113315264704698	0.0298993114435995	0.0182581763816581	0.00511281552298495	0.00586838758721194	0.00512012148025511	0.0206003724784437	0.0206747971392875	0.00637535080906814	0.0427604093323783	0.0106950727539633	0.00328417820640474
C[C>T]C	0.01900555565018	0.0187251162178573	0.00609367549970919	0.00992364256075894	0.0146136011647474	0.0180201718885123	0.0103288954652748	0.100576781496066	0.00254403662453786	0.00719573394871607	0.00237517903157415	0.153443749423401	0.00961881523509956	0.00198460598273843	0.0171183518206006	0.00925914101845522	0.0100753418693265	0.00391228108684176	0.00354328538815718	0.077044325413975	0.0189531735597812	0.00921227995451666
C[C>T]G	0.0871416403054361	0.0410596698988576	0.00439420249923097	0.00199987207610985	0.00692377344653906	0.0118568812421199	0.0843874719774566	0.0186494529296897	0.0118757542270229	0.00711498677894538	0.00968380654975072	0.0122502710275118	0.00422557737905433	0.00383042756822301	0.0269617200714076	0.0146404431600386	0.00147668613256282	0.0120671507919197	0.0169947270467928	0.0218603512588566	0.0423530298830221	0.0288993019925056
C[C>T]T	0.017328749546089	0.0228009541982691	0.0101451357845207	0.016474040620708	0.0201123105684509	0.0206952784180685	0.00894971263988042	0.0776006987328928	0.0162543465935103	0.00997398916414902	0.00419589600209645	0.0813277467785911	0.0206832480779363	0.00322871262120185	0.0187987759509524	0.00995933659319378	0.0213888444347007	0.00969309947585683	0.00189654364188851	0.116923085531656	0.0140659212615687	0.00399260988188343
C[T>A]A	0.00123175983378376	0.00143905910910344	0.000301056430624172	0.00722238359873354	0.00764598051209785	0.00514272653005397	0.000104808342441637	0	0.00960922514895691	0.00576190192080183	0	0.000406176307230123	0.00174751058669383	9.96830839794867e-05	0	0.00169116185415216	0.00557705131443154	0	0.000305095996441509	0.00441968483701741	0	0
C[T>A]C	0.00197741070488569	0.00458565905343361	0.00162796522637311	0.0137174166895727	0.0114734331617253	0.00646567102582259	0.00276291604468742	0.00142420318263994	0.0136814754251423	0.0052047244249659	0.000100800053315296	0.0011325197086504	0.008963297951479	0.00101069461902738	0.00354976862632751	0.00460820865106929	0.0134035345492748	0.0105239389666752	0.00237160074385833	0.00552328182020753	0.00477422057393431	0.00381507528080455
C[T>A]G	0.00151923812102951	0.00283986978240569	0.00316859279222113	0.0115427646540175	0.0344023276298011	0.0106562039449679	0.0008273240279323	0.000693000050932454	0.0122049409923004	0.00527185123048595	0.000294288523995614	0.000601167707741307	0.00314428849059103	0.000393433426354141	0.000203208764594413	0.00281590989388313	0.0132478081758584	0.00447450419991637	0.00652256489564383	0.00212976624050269	0.00121204070289775	0.0025086074455768
C[T>A]T	0.00230634765845741	0.0062988192780813	0.00256226451850642	0.0169342944639603	0.0119736639220391	0.0102945366158011	0.00117745912091257	0.00184448545108725	0.0214028534176332	0.0073826038207615	0.00091382299837986	0.000414831653234971	0.00566920229586663	0.000101807263965652	0.002103342212573	0.00075564973071822	0.0101260347654067	0.0324198097850876	0.00394690025419992	0.00230941949212789	0.00261362616712767	0.00103862841656224
C[T>C]A	0.00431115941824315	0.00822319490916254	0.00170598644020364	0.00783272587468286	0.00530121315505451	0.0147081978759544	0.00649811723138149	0.00100333376660139	0.00623577376687629	0.0161333253782451	0.000497086854456339	0.000101544076807531	0.0320719590028514	0.000797464671835894	0.000617836970309659	0.00338232370830432	0.0150786942945742	0.00755794751283356	0	0.00678370230798022	0.0151498340573841	0.0222713742034579
C[T>C]C	0.00551593512415482	0.0102135133462839	0.00193320870631807	0.0143362475176737	0.0026874708306744	0.0131399120847362	0.00425064006874988	0.000813830390079967	0.0111939344387528	0.0125338261662444	0.00191520101299062	0.000411825348600145	0.0401263919920862	0.00111176408093012	0.005533462858687	0.00535838215240616	0.0203147320512446	0.041074014219451	0.00350584457787753	0.00729490051725523	0.0203423311411114	0.0103110142724447
C[T>C]G	0.00719106043953967	0.0120694465752242	0.00108920377232601	0.00893309612354401	0.0100591601256728	0.0191811671009423	0.0279221859427151	0.000990000072760649	0.00817024975517633	0.0159189233234282	0.00147144261997807	0.000100194617956885	0.0420928943095251	0.000393433426354141	0.0016256701167553	0.0133494987561867	0.0193621811801008	0.0288356937327944	0.00250867880601686	0.0040566976009575	0.0797926796074353	0.0211726468406682
C[T>C]T	0.00712871094432291	0.0166918710869154	0.00368966090664924	0.0121552911183028	0.00562241610252273	0.0200638417716123	0.0035323773627377	0.00461121362771811	0.0124240953985285	0.0294234210247741	0.00203071777417747	0.000933371219778684	0.0340152137751998	0.000407229055862608	0.00283951198697355	0.0037782486535911	0.027741116076062	0.105801791933556	0.000934792165468403	0.00556360150376265	0.0114999551353618	0.0211880196978698
C[T>G]A	0.000307939958445939	0.000925109427280786	0.000100352143541391	0.000712065988607532	0	0.00205709061202159	0.000104808342441637	0	0.00286232238479567	0.0226285602707854	0.00218718215960789	0	0.00133633162511881	0	0	0	0.000206557456090057	0	0	0	0	0
C[T>G]C	0.00218555920013681	0.00239704905065848	0.00122097391977983	0.00587889286695971	0.0013437354153372	0.0036499755790934	0.00425064006874988	0.000813830390079967	0.00124377049319475	0.00679800741220036	0.00181440095967532	0.000102956337150036	0.00510699534444734	0.000202138923805476	0.00208809919195736	0.00203618521791434	0.00858663932062917	0.0199239621213755	0.00247471381967825	0.00114634150985439	0.00944465374408744	0.000515550713622237
C[T>G]G	0.00162052066243148	0.0032455654656065	0.00138625934659675	0.00963569918944073	0.0046272136578095	0.00730711127654943	0.00517077517457688	0.000891000065484584	0.00605203685568617	0.0130245736282594	0.00362955846261257	0.00110214079752573	0.00456428974440633	9.83583565885353e-05	0.000508021911486032	0.00073005071322896	0.00682771652140396	0.0133240791730843	0.00642221774340315	0.00131842672031119	0.0168675664486604	0.000401377191292288
C[T>G]T	0.00293535156530943	0.0074536028123962	0.00112739638814282	0.0108047032162692	0.00124942580056061	0.0121853698717645	0.00920558949077098	0.00133212838134079	0.00803912055198905	0.0544600774604	0.018479531745015	0.000933371219778684	0.00661406934517774	0.000610843583793913	0.00662552796960496	0.00485774826890284	0.0196191923579754	0.266665800486229	0.00218118171942627	0.00199449865229227	0.00177726579364682	0.00332361093299918
G[C>A]A	0.00796084302015275	0.0162320539496841	0.00872058817697251	0.0101704965258275	0.0358175556197904	0.0114368536453702	0.00235040807221511	0.000281256688304547	0.025503979619498	0.011551047105221	0.00130054829870336	0.000379534065472819	0.00595523301644272	0.000838301321454271	0.0017319339382948	0.00237035071637723	0.00926442114931144	0.00621473649669242	0.133609318982747	0.00307332861640886	0.00114779302738413	9.50252620260354e-05
G[C>A]C	0.00496920276130694	0.00574829876247922	0.00360171248510064	0.00993395060933636	0.0339514831766702	0.00798399593731113	0.00507385180504677	8.37450913461341e-05	0.00981233322169943	0.00804460883302782	0.00182557166761604	0.000847556244091201	0.00480477276656275	0.000332809250576852	0.00979809002268917	0.00873402273904053	0.00810312738793614	0.00109345242656277	0.0129024675110122	0.00265949067469839	0.00290495232766019	0.00322552512370334
G[C>A]G	0.000526819218404231	0.00131888650165768	0.000944245461058612	0.00087013726744377	0.0197953574232571	0.00246346856613447	0.0018826982309245	0	0	0	0.000170081797416155	0	0.0013189481416345	0.000170536375516904	0.000968904324148755	0.00117536867201365	0.00318037952300466	0.00112060234685766	0.00843825325229427	0	0.00359000938863994	0.000260969481110618
G[C>A]T	0.00455339458528155	0.00820755113087298	0.00267096623897665	0.0135373591746648	0.0259280353544611	0.0105447125835206	0.00898862135324091	9.89061755875797e-05	0.0204566509278279	0.00877809099582603	0.0086242815669591	0.00060059792413591	0.00273597824069243	0.000982651330532118	0.0747099484960454	0.0321959802100899	0.00641400672520303	0.00307951470969458	0.0769935695886689	0.0072951348315854	0.0135216266305744	0.00230573141653005
G[C>G]A	0.000575482627962849	0.00220909609966115	0.00234424413359476	0.0105507020034285	0.0066681619504929	0.00538204877429184	0	0	0.00315217725634245	0.00107679252675789	0	0	0.00115262574511795	0.000931445912726967	0.000192437104254977	0.00217282149001247	0.00299163599613182	0.00122411476450002	0.000855251686233799	0.00192083038525554	0.00133909186528149	0.000380101048104142
G[C>G]C	0.00205622183226494	0.00248806961361041	0.0019264973757515	0.00764150046872028	0.00774332072450374	0.0046358686087613	0.00262440610605867	0.000334980365384537	0.00213311591776075	0.00253580061041094	0.000165961060692367	0.00016951124881824	0.000943794650574825	0.000915225439086344	8.59481580937647e-05	0.000441112259547501	0.0027585114512123	0.000168223450240427	0.000254653964033135	0	0.00162335571251599	0.00356505408409316
G[C>G]G	0	0.000175851533554357	8.58404964598738e-05	0.000957150994188147	0.00540666149886316	0.000967791222409971	0	0	0	0	0	0	0	0	0	0.000542477848621687	0	0	0.00043496150785022	0	0	0
G[C>G]T	0.00091067891705631	0.00364780050261021	0.0038580623451885	0.0164453844788521	0.00602977566382816	0.00618487949610343	0.00175639727592064	0	0.00443395389568684	0.00454395298607465	0.000392012798498141	0	0.000911992746897475	0.00127744672969175	0.000304524246587142	0.00187549399282077	0.00295247928620457	0.00178810531530653	0.00150378065602869	0	0.00121089193706637	0.000400996768092183
G[C>T]A	0.0239784428317854	0.0221870086531185	0.00515733709390848	0.0172042978614465	0.00828757270989831	0.0194138187929813	0.0639506862981861	0	0.00343873882510086	0.0060691942417263	0	0.0247645977721015	0.0119104660328854	0.00353949446836248	0.0535937335350112	0.0470119558748151	0.0120630483714993	0.0019774161580385	0.00304089488438684	0.0359195282042786	0.0521289333270294	0.0154891177102438
G[C>T]C	0.023303847432336	0.0217920579950705	0.00242906190855624	0.00832074495482875	0.00680731492264065	0.0156245941998992	0.0676221973327785	0.0175864691826882	0.00213311591776075	0.00603345662477087	0.0111193910663886	0.0826367337988921	0.00789355525935308	0.0019136531908169	0.0531159617019466	0.118659197818278	0.00793072042223537	0.00025233517536064	0.00432911738856329	0.0526750733633811	0.0451976406274188	0.0332738381182028
G[C>T]G	0.0900860863471235	0.0430836257208174	0.00171680992919748	0.000783123540699393	0.00200569700764279	0.0117014756891387	0.120044425295615	0.000171648886811262	0.0154774478432676	0.00788590264610705	0.0229610426511809	0.00781740607853634	0.00202238715050623	0.00272858200827047	0.086144402637953	0.165365330854844	0.000795094880751166	0.00655121372009092	0.0116569684103859	0.0244418012843077	0	0.00165280671370058
G[C>T]T	0.0179100187021074	0.0234067198917489	0.00405591169622381	0.0117323779513762	0.00824069340723182	0.0198727275612504	0.0541383630930832	0.0159238942696003	0.0053408990107137	0.0104304375362168	0.0148964863429293	0.0522520193998242	0.0116532406548011	0.00235836319327708	0.0563369856186212	0.083355288569812	0.0118099171448183	0.000894052657653265	0.00160403269976394	0.0929116477856085	0.049646569419721	0.0166413658758256
G[T>A]A	0.000708428138627573	0.00172286992310778	0.000395767033557495	0.00451323229410316	0.0069354394574796	0.00679440139203138	0	0	0.0063497121200238	0.00309868476923296	0	0.000300350819388889	0.00152025039159362	0.000196564204062827	0	0	0.00305481634862489	0	0.00210565647231255	0.00263480915990965	0	0
G[T>A]C	0.000566920285009946	0.00340626986394482	0.0013301943533268	0.00696660347829593	0.00585574919460721	0.00454454719787837	0.00324161239492053	0	0.00621055490378033	0.00335589504725539	0.000109816974435642	0.000336498436447072	0.00442835777885475	0	0.002843608808234	0.00443665836807646	0.00456329003102321	0.00289416412918738	0.00168505357470566	0	0.00452286215846674	0.0159513867502975
G[T>A]G	0.00131224431912943	0.00219012678216153	0.00149672961666711	0.00931985846104033	0.0144448230975575	0.00745111047200667	0.000669939779789351	0.000641335591225917	0.00675213113583774	0.00312499888306303	0	0.000432716295099836	0.00208071768371498	0.000424785926859009	0	0.00292770424625843	0.00561138051655085	0.00386486004793121	0.00151681268808581	0.00175198947011515	0.000872418387938103	0.00335856112805242
G[T>A]T	0.00218582441704304	0.00229310776084267	0.00193344330057301	0.00907728687100463	0.00465195626722318	0.00531918124643641	0.00223185683834166	0.00101741143517017	0.0144087564986536	0.00382434319587043	0.000403249141477423	0.000102968830868446	0.00323134831382451	0.000101081726649444	0.000939758661955318	0.00460876785570745	0.00345601808678228	0.00398527597755457	0.00402189795378246	0.00541972655795072	0.00186839997028667	0.0042280288593917
G[T>C]A	0.0114360542378451	0.0117560535929707	0.00128624285906186	0.00812381812938569	0.00613133053487327	0.0166310720640768	0.0126069100484579	0.000197846510529254	0.00685365752637489	0.00939934380000665	0.00627328789571795	0.00100116939796296	0.0580735649588764	0.000786256816251309	0.00791899767240587	0.0203213601902644	0.0163941810709535	0	0.000401077423297628	0.00395221373986448	0.000201850173454247	0.142980034161773
G[T>C]C	0.00793688399013924	0.0112406905510179	0.000886796235551201	0.00719133262275709	0.00180176898295606	0.0109069132749081	0.00683054040358255	0.000110828799443698	0.0064363932639178	0.0112248903304749	0.0110915144179998	0.00179465832771772	0.0311120520873385	0.00110110482573652	0.0144455327458287	0.0582603296228988	0.0112941428267824	0.010908772486937	0.00280842262450943	0.00340605221042961	0.00146993020150169	0.0747019168235764
G[T>C]G	0.00546768466303928	0.0110601402499157	0.00106909258333365	0.00747756085827654	0.0045615230834392	0.0155596718680139	0.0128405124459626	0.000320667795612958	0.00577198306773226	0.0104910676788545	0.00571932395928299	0.00205540240172422	0.0448996973854284	0.000106196481714752	0.00899549688183563	0.0173410174586076	0.0162840062048927	0.0050457895070213	0.00715068838669027	0.00656996051293183	0.0312980096672794	0.095773162490269
G[T>C]T	0.0111372958392193	0.0151136647873721	0.00172992295314427	0.00887098489666362	0.00248104334251903	0.0163747344253043	0.00446371367668331	0.00824103262487838	0.00735986842736985	0.0133852011855465	0.0125007233858001	0.00236828310997427	0.0422160021644815	0.000707572086546105	0.00897991610312859	0.0100749808938721	0.014871350555245	0.0083792982092173	0.00495002825080918	0.0103183255622523	0.000726599988444815	0.103432023072436
G[T>G]A	0.000101204019803939	0.000506726447972875	0	0.00361058583528253	0	0.00162254361600749	0	0	0.000201578162540438	0.0074368434461591	0	0	0	0	0	0	0	0	0.00160430969319051	0	0	0
G[T>G]C	0.000226768114003978	0.00102188095918344	0.000554247647219501	0.00516877032260666	0	0.000340841039840878	0.00185234993995459	0	0	0.000694323113225253	0.00219633948871283	0	0.000454190541421001	0	0.00216114269425784	0.00256859168678111	0.00365063202481856	0.0101295744521558	0	0	0.00350521817281173	0.000674002257054824
G[T>G]G	0.00131224431912943	0.0051467979380796	0.00181745739166721	0.0191815691581876	0.00195493846433109	0.00657450924000588	0.00111656629964892	0.00181711750847343	0.0063165097722353	0.00558035514832684	0.000953220659880498	0.00108179073774959	0.00120462602741393	0.000318589445144257	0.0013164141778296	0.00416634835044469	0.00088021655161582	0.00515314673057494	0.0127845640852947	0.00470847170093448	0.00327156895476789	0.000433362726200312
G[T>G]T	0.000832695016016396	0.00229310776084267	0.000508800868571844	0.00711741811476499	0.000206753611876586	0.00344182315945886	0.00371976139723609	0.000915670291653153	0.00777450890215125	0.0196528747565564	0.00302436856108068	0	0.00333558535620595	0.00111189899314388	0.00396786990603356	0.0203643230833585	0.00460802411570971	0.0646840947126165	0.00330001883387279	0.00260563776824554	0.00373679994057334	0.000824981240856916
T[C>A]A	0.0121031207033962	0.0130974359339684	0.0235697238383043	0.0133484910937464	0.0319901849145636	0.0144749152336081	0.00169424284878301	0.00095406137886373	0.027800809126063	0.0221150045781511	0.0353561333628089	0.00086901643942811	0.00645127740301782	0.033554874196095	0.000489579848225458	0.0057288959477694	0.0119812353314922	0.0017248288213958	0.0624710289550519	0.00498452649848087	0.000681357573636946	9.67016283900198e-05
T[C>A]C	0.0118933653571329	0.0125423548389345	0.0141999646979354	0.0182533161493287	0.0562387583652919	0.0127611649275914	0.00311655915986367	0.00205758103749747	0.01740003526355	0.00461905519970861	0.0104997999206053	0.00260301175272277	0.0104348837083427	0.0171716596564057	0.0175271883869137	0.0067195223953934	0.0153553743151238	0.001343282897025	0.040877360564368	0.00663964592225857	0.00440835921355615	0.000521380073856998
T[C>A]G	0.00246100462560311	0.00364308509921863	0.00292903449750905	0.00169660986132572	0.01105210658462	0.00418145892882866	0.00120178931832769	0.000209177624141634	0.00191810696613369	0	0.00321265262938596	0.000105850861594163	0.00203593682095681	0.00405252660357606	0	0.00275451411386375	0.00430636338095294	0.00231102738015031	0.0166438850723438	0.00192856887196175	0.00117375822204461	0
T[C>A]T	0.0169240202253503	0.0208838713811885	0.0160119770139449	0.0195851915158768	0.0401236739688826	0.0200217282103603	0.00646622617964462	0.00138744515951889	0.0506726337549825	0.0358827805461021	0.32603396385792	0.00043205758345662	0.00535789279301625	0.0194043723980289	0.0565196402411983	0.0163027263631001	0.0172479537288801	0.00525249603937472	0.121701189174229	0.00951194091235537	0.0131752412468692	0.000432703030513515
T[C>G]A	0.0018545104303591	0.00195484118417438	0.122238122416469	0.0169274343580117	0.0031020785371698	0.00264069399532039	0	0.000190812275772746	0.00515189819469	0.00328736554540084	0	9.65573821586789e-05	0.00234591905564284	0.214883897747309	0	0.000904562518068853	0.00491034234897221	0.000383295293643511	0.00212749634212251	0.000488679068478517	0	0.00019340325678004
T[C>G]C	0.00221027143805126	0.00379432583362725	0.0348825219753631	0.0186705348041705	0.0109759658519622	0.00843713383642406	0.000214935114473357	0.00102879051874874	0.00513615498743345	0.00268549720913291	0	0.00114532517119802	0.00284587737500254	0.0609185068762964	0	0.00281786423032626	0.00677754452529604	0.000619976721703846	0.00875943440665029	0.00115930325626737	0.000104960933656099	0.000312828044314198
T[C>G]G	0.000321000603339536	0.000857196493933796	0.00575346062010707	0.00212076232665716	0.00329437792426173	0.00139381964294289	0	0.000313766436212451	0	0	0	0.00031755258478249	0	0.0110145594866426	0	0	0	0	0.00148416809562301	0	0	0
T[C>G]T	0.00349399127233038	0.00754443521100527	0.158732065464908	0.0326780543524574	0.00542211810390305	0.00733035950871115	0.000111486658269735	0.000747085855125557	0.0113089139710691	0.00546042312658075	0.000105752177702861	0.000864115166913239	0.00164017126316824	0.278765546636164	0.00010953418651395	0.00168648893411381	0.0185662686635715	0.00300142630821412	0.00356990154911072	0.0114799286873254	0.0005444314564822	0.000324527272885136
T[C>T]A	0.0141528427580036	0.0223829315587967	0.201917148347579	0.0102531888111385	0.00339289840002947	0.0108561864252061	0.00737493945940842	0.11467817773942	0.00622116008415396	0.00498085688697098	0.00349779928990356	0.029160329411921	0.0134890345699463	0.143603487025661	0.00900826920734843	0.0112567780026346	0.0168915776804644	0.015715107039384	0.0158595181867314	0.0213064073856633	0.0104150371970219	0.00618890421696127
T[C>T]C	0.0187346817130059	0.0246631179185771	0.0526839269952387	0.0148112622468838	0.00731731056797478	0.0219365479747026	0.00720032633485745	0.29701182276276	0.00691808630960423	0.00902327062268659	0.0215092988664827	0.16544742700306	0.0100132722453793	0.0312769515170247	0.0298806886355216	0.0169071853819576	0.0138727864502153	0.0175660071149423	0.00500539108951445	0.0347790976880211	0.00818695282517571	0.00896773727034036
T[C>T]G	0.0811061524437895	0.0409311325853388	0.027825827726336	0.00106038116332858	0.00116897281183481	0.00793405027521336	0.0427181475878299	0.103752101574251	0.0100167808231426	0.00513264032542714	0.221880299339205	0.00846806892753307	0.00107154569524043	0.0224447627274982	0.01008997981087	0.0114587787136732	0.00387572704285764	0.0173327053511273	0.0140995969084186	0.00964284435980875	0.0260360914708078	0.013357132900449
T[C>T]T	0.0150678373619248	0.0291936840773682	0.111336613503631	0.00984669849693253	0.0083500618800107	0.0129101854034017	0.00523987293867754	0.0900772088179958	0.0157672358250482	0.0106979718398317	0.0414548536595214	0.103045733654404	0.00984102757900945	0.0795261163853644	0.0250833287116946	0.00854487726617662	0.0212028985329545	0.0215459531411085	0.00162268252232305	0.0291918186620561	0.0106708565470511	0.00692324848821624
T[T>A]A	0.00492960160552308	0.00394918623402881	0.00175251195808385	0.00586233292741036	0.00400579553336619	0.00790333588527128	0.000183033333373847	0.000876092110176501	0.0171382346669252	0.0196673557113272	0	0.000265999114614402	0.00511623036061553	8.70413877211665e-05	0	0.00073834530779965	0.00766538808231618	0.00052795657082692	0.000799212199049916	0.00350019140187408	8.93820891396899e-05	0.00239756839535275
T[T>A]C	0.00207491034476483	0.00571396840753911	0.00243423466865109	0.00987001888502389	0.00473973764536656	0.0070689821885953	0.000847442787408122	0.00152111215110843	0.0102286956928361	0.00285885075798975	0.000803853318754645	0	0.0137141650985305	0.000503751112370032	0.0016652029539047	0.00202975369454891	0.00908143923564199	0.002648137335125	0.00246689715368246	0.00498641742276377	0.000724217055960121	0.00462530059076128
T[T>A]G	0.00107084968115189	0.0022421748023568	0.000475869304891279	0.00646380192509848	0.00792824039705186	0.00692584566724783	0	0.000951560624890137	0.00649570588860555	0.0139098434452905	0	0	0.00360714543299564	0.000567235953817035	0	0.000601461005909233	0.0061708141187598	0	0.00183256711677857	0.00506894085513661	0	0
T[T>A]T	0.003309868009941	0.0046742782663666	0.00240616789466521	0.01219527171452	0.00379302507231122	0.00858906870263287	0.000606589891746934	0.0041477895113147	0.0203694280419848	0.0120397993299185	0.00230155618691443	0.000671654391770494	0.00798913985761126	0.000576926890660337	0.00102165711569078	0.0002621728544162	0.0068312809027153	0.00316612080152345	0.00176577687560448	0.00722342300236924	0.000846345007623252	0.000672657770410329
T[T>C]A	0.00725995872813399	0.00762910977028292	0.00210301434970062	0.00808291358173247	0.00249249499853897	0.0152678079601832	0.0053994833345285	0.00201501185340595	0.00589126816675552	0.0142702673998467	0.00260428116201138	0.000177332743076268	0.0448792136896099	0.000435206938605833	0.00161845074814079	0.00627593511629703	0.0221845349205857	0.00149587695067627	0.000177602710899981	0.00466692186916544	0.00357528356558759	0.034542744658971
T[T>C]C	0.00497978482743558	0.010804594806983	0.00152139666790693	0.0107953331554949	0.00164860439838837	0.0147616980997137	0.00370756219491053	0.00182533458133012	0.00764569172999874	0.0145060205127628	0.00974672148990007	0.000923680240294677	0.0355321550280108	0.000604501334844039	0.00582821033866645	0.010576085040018	0.0191023377025573	0.0114073608282308	0.00709232931683708	0.00207767392615157	0.0116909324747848	0.032171535220184
T[T>C]G	0.00817739756515988	0.00731143957290262	0.000761390887826047	0.00636732726949999	0.00348069090602277	0.0122909373813131	0.0105364121946382	0.00180796518729126	0.00281157419059046	0.00973689041170333	0.00612867603658341	0.0006741300241067	0.0311969334745569	0.000189078651272345	0.00332041672904518	0.00390949653841002	0.0161616560253233	0.00573435919140632	0.00106095990971391	0.00555633901428436	0.023493761782679	0.0240155911667075
T[T>C]T	0.00517697304118977	0.0119831497374125	0.00199131136110224	0.00908337479426319	0.00185436781312993	0.0147119691639157	0.00251301526580873	0.00199093896543105	0.00997341290022492	0.0267647337621928	0.00813764508944746	0.000419783994856559	0.0315316051826998	0.000989017526846292	0.00221359041733002	0.00410737471918714	0.0148580359634058	0.00599896572920233	0.00117718458373632	0.00322929498929448	0.00347001453125533	0.0230385286365538
T[T>G]A	0.00125480768140587	0.000807788093324074	0.000350502391616769	0.0028423432375323	0	0.00458034238805495	0.000823650000182313	0	0.00258858752781682	0.0459209886841222	0.0043404686033523	0	0.00170541012020518	8.70413877211665e-05	0	0	0.00613231046585294	0	0	0.00287195191948643	0	0
T[T>G]C	0.00134869172409714	0.00363616171388852	0.00141997022337981	0.00575751101626394	0.000309113324697819	0.00530173664144648	0.00201267662009429	0.00101407476740562	0.00320292491391839	0.00857655227396924	0.00924431316567842	0	0.00280517013379033	0.000403000889896026	0.00156112776928566	0.000427316567273456	0.00720252077309537	0.00977773785276923	0.00370034573052369	0.00186990653353641	0.000413838317691498	0.00185012023630451
T[T>G]G	0.00194699942027616	0.00282708996818901	0.00228417266347814	0.00955099090424999	0.00290057575501897	0.00585282732443479	0.00109340126548132	0.000951560624890137	0.00649570588860555	0.00874333016561116	0.00207432112007438	0.0002889128674743	0.00107239458818789	9.45393256361726e-05	0.000195318631120305	0.00090219150886385	0.00479952209236874	0.00430076939355474	0.000771607207064659	0.00107227595012505	0.000388326641036017	0.000289344471888042
T[T>G]T	0.00339473642045231	0.00722388459347565	0.00165942613425187	0.00950390140510871	0.000927183906564965	0.0112253175123519	0.00623921031511132	0.00116138106316812	0.00946629021038298	0.0472064074446443	0.0520316095113156	0.000251870396913935	0.00271970718556979	0.000247254381711573	0.00212845232435579	0.00288390139857821	0.0139187348392824	0.047658449959774	0.00126126919686034	0.00110475881212706	0	0.000252246663903873
