Type	Signature_1A	Signature_1B	Signature_2	Signature_3	Signature_4	Signature_5	Signature_6	Signature_7	Signature_8	Signature_9	Signature_10	Signature_11	Signature_12	Signature_13	Signature_14	Signature_15	Signature_16	Signature_17	Signature_18	Signature_19	Signature_20	Signature_21
A[C>A]A	0.0112	0.0104	0.0105	0.024	0.0365	0.0149	0.0017	4e-04	0.0368	0.012	7e-04	2e-04	0.0077	7e-04	1e-04	0.0013	0.0161	0.0018	0.05	0.0107	0.0013	1e-04
A[C>A]C	0.0092	0.0093	0.0061	0.0197	0.0309	0.0089	0.0028	5e-04	0.0287	0.0067	0.001	0.001	0.0047	1e-04	0.0042	0.004	0.0097	3e-04	0.0076	0.0074	0.0024	7e-04
A[C>A]G	0.0015	0.0016	0.0013	0.0019	0.0183	0.0022	5e-04	0	0.0017	5e-04	3e-04	0	0.0017	1e-04	5e-04	0	0.0022	0	0.0017	5e-04	0	0
A[C>A]T	0.0063	0.0067	0.0037	0.0172	0.0243	0.0092	0.0019	4e-04	0.03	0.0068	0.0092	2e-04	0.0046	2e-04	0.0296	0.0057	0.0088	0.0032	0.0181	0.0074	0.0029	6e-04
A[C>G]A	0.0018	0.0051	0.0048	0.0216	0.0097	0.0117	0.0013	0	0.0085	0.0048	5e-04	7e-04	0.0031	0.0018	1e-04	0.0011	0.0048	0.0016	0.0014	0.0058	5e-04	5e-04
A[C>G]C	0.0026	0.0043	0.0031	0.0109	0.0054	0.0073	0.0012	0	0.0037	0.0023	3e-04	3e-04	0.0015	0.0014	0	1e-04	0.0024	0.0016	0.0017	0.0019	0.0022	8e-04
A[C>G]G	6e-04	0.0012	2e-04	0.0038	0.0031	0.0023	0	0	8e-04	0	0	0	0	7e-04	0	6e-04	0	0	0.0027	0	0	0
A[C>G]T	0.003	0.0054	0.0062	0.0208	0.0054	0.0117	0.0018	1e-04	0.0081	0.0038	2e-04	9e-04	0.0025	0.0014	1e-04	0.001	0.0073	0.0012	0.0043	0.0072	6e-04	0.0018
A[C>T]A	0.0297	0.0265	0.0074	0.0185	0.012	0.0219	0.0312	0	0.0229	0.0093	0	0.0225	0.0121	0.0013	0.0293	0.0117	0.0135	0.0095	0.0035	0.0221	0.0296	0.0051
A[C>T]C	0.0144	0.0165	0.0036	0.0095	0.0075	0.0128	0.0163	0.0197	0.0064	0.0056	0.0032	0.1099	0.0054	0.0016	0.0321	0.0169	0.0076	0.0043	0.0014	0.0203	0.0223	0.0062
A[C>T]G	0.171	0.0673	0.0048	0.002	0.0028	0.0166	0.0908	1e-04	0.0293	0.0125	0.0126	0.0072	0.0019	0.004	0.0496	0.0309	0.0035	0.0094	0.009	0.0368	0.0341	0.0256
A[C>T]T	0.0127	0.019	0.0046	0.0147	0.0059	0.0165	0.0149	0.0043	0.0208	0.0076	0.0047	0.0639	0.0067	0.0012	0.0277	0.0066	0.0101	0.0058	0.0048	0.0266	0.0182	0.003
A[T>A]A	0.004	0.0046	0.0021	0.0097	0.0048	0.0087	6e-04	0.001	0.0113	0.0121	0	2e-04	0.0058	2e-04	0	0.0021	0.0081	6e-04	0.0029	0.0011	1e-04	0.0083
A[T>A]C	0.0022	0.012	0.0024	0.0088	0.0039	0.0073	0.0033	8e-04	0.0094	0.0042	2e-04	1e-04	0.0065	6e-04	8e-04	0.009	0.0073	0.0019	8e-04	0.0053	0.0019	0.0292
A[T>A]G	0.0028	0.008	0.0029	0.0079	0.01	0.0114	0	9e-04	0.0105	0.0068	0	7e-04	0.0046	6e-04	0	9e-04	0.008	0.0011	0.0044	0.0045	2e-04	0.0027
A[T>A]T	0.0083	0.009	0.0025	0.0099	0.003	0.0109	0.0053	0.0035	0.0264	0.0185	0.0012	3e-04	0.006	0.0013	9e-04	0.0079	0.0084	0.002	0	0.0033	0.0053	0.0043
A[T>C]A	0.014	0.0322	0.0051	0.0138	0.0084	0.0352	0.0075	5e-04	0.0164	0.0252	0.0031	6e-04	0.0466	0.003	0.0026	0.0115	0.0717	0.0027	0.0019	0.0145	0.0165	0.0265
A[T>C]C	0.0063	0.0115	0.0018	0.0089	0.002	0.0138	0.0056	1e-04	0.0075	0.0105	0.0052	0.0015	0.0317	0	0.0046	0.0073	0.0171	0.0082	0.0014	0.0048	0.0207	0.0165
A[T>C]G	0.0102	0.0181	0.0025	0.0128	0.0081	0.0285	0.0217	7e-04	0.0085	0.0176	0.0026	8e-04	0.0487	8e-04	0.0035	0.0073	0.0348	0.0045	0.0035	0.0135	0.058	0.0224
A[T>C]T	0.0092	0.0307	0.0069	0.0175	0.0036	0.0271	0.0023	0.0011	0.0198	0.0247	0.004	3e-04	0.025	0.0013	0.0025	0.0063	0.0497	0.0031	0.0054	0.016	0.008	0.0189
A[T>G]A	0.0016	0.001	1e-04	8e-04	0	0.0033	0	0	0.0054	0.0335	0	0	0.0012	1e-04	0	0	0.0052	0	0	0.0014	0	0
A[T>G]C	0.0018	9e-04	5e-04	0.001	2e-04	0.0022	0.0017	0	8e-04	0.0051	0.004	0	0.001	0	0.002	6e-04	0.0042	0.0065	0.0011	0	4e-04	0.0031
A[T>G]G	0.0014	0.0037	0.0017	0.0081	0.0015	0.0055	7e-04	9e-04	0.0061	0.0052	0.0015	1e-04	0.0018	0	7e-04	0.0012	0.0061	0.0035	0.0028	0.001	7e-04	0.0016
A[T>G]T	0.0032	0.0036	6e-04	0.0064	2e-04	0.0037	0.0029	0	0.0042	0.0193	0.0137	0	0.003	0	0.0056	0.0029	0.0076	0.0306	0	0.0017	4e-04	0.0018
C[C>A]A	0.0067	0.009	0.0061	0.0194	0.0461	0.0097	0.0101	0.0012	0.0303	0.0098	0.0031	7e-04	0.0135	0.0035	0.0056	0.0106	0.0159	0.001	0.0965	0.0112	0.0178	0.002
C[C>A]C	0.0074	0.0047	0.0012	0.0161	0.0614	0.005	0.0241	6e-04	0.0203	0.0057	9e-04	0.0017	0.0112	0.0011	0.0102	0.0084	0.01	4e-04	0.0219	0.0159	0.0375	0.0014
C[C>A]G	9e-04	0.0013	6e-04	0.0018	0.0088	0.0028	0.0091	0	0	0	7e-04	0.001	0.0028	0.0014	9e-04	0.0015	0.0022	3e-04	0.0192	0.0018	0.0132	0.0027
C[C>A]T	0.0073	0.0098	0.0011	0.0157	0.0432	0.0111	0.0571	0.0013	0.0296	0.0091	0.016	0.0014	0.0071	0.0011	0.1257	0.0228	0.0084	0	0.0404	0.0096	0.1064	0.0056
C[C>G]A	0.0013	0.0021	0.0042	0.0153	0.0105	0.0076	0	1e-04	0.0054	0.0018	0	0	0.0019	0.0052	0	9e-04	0.004	0.0019	1e-04	2e-04	0	1e-04
C[C>G]C	7e-04	0.0031	0.0018	0.0124	0.0097	0.0077	0	4e-04	0.0039	0.002	0	2e-04	0.0019	4e-04	0	3e-04	0.005	7e-04	0.0039	0.0028	6e-04	0
C[C>G]G	5e-04	0.0012	2e-04	0.0029	0.0063	0.0026	0	6e-04	0.0011	0	0	8e-04	0	1e-04	0	4e-04	0.0028	0	0.0058	2e-04	0	0
C[C>G]T	0.0014	0.0037	0.0044	0.0218	0.0094	0.0095	2e-04	3e-04	0.0069	0.0039	0	2e-04	0.0019	0.0041	0	0.0017	0.008	9e-04	0.0058	8e-04	1e-04	3e-04
C[C>T]A	0.0211	0.0248	0.0136	0.0153	0.021	0.0229	0.0085	0.0754	0.0053	0.0098	0.0012	0.031	0.0187	0.0054	0.006	0.0051	0.021	0.0216	0.0066	0.0438	0.011	0.0034
C[C>T]C	0.0186	0.0183	0.0061	0.0098	0.0144	0.0176	0.0099	0.1007	0.0025	0.0069	0.0024	0.1518	0.0094	0.002	0.0167	0.0088	0.0098	0.0039	0.0035	0.0753	0.0186	0.0091
C[C>T]G	0.095	0.0447	0.0049	0.0022	0.0076	0.0129	0.0901	0.0208	0.013	0.0076	0.0109	0.0135	0.0046	0.0043	0.0293	0.0155	0.0016	0.0134	0.0187	0.0238	0.0463	0.0318
C[C>T]T	0.0172	0.0226	0.0103	0.0165	0.0201	0.0205	0.0087	0.0788	0.0162	0.0097	0.0043	0.0816	0.0205	0.0033	0.0186	0.0096	0.0211	0.0098	0.0019	0.1159	0.014	0.004
C[T>A]A	0.0012	0.0014	3e-04	0.0071	0.0075	0.005	1e-04	0	0.0094	0.0055	0	4e-04	0.0017	1e-04	0	0.0016	0.0054	0	3e-04	0.0043	0	0
C[T>A]C	0.0019	0.0044	0.0016	0.0133	0.0111	0.0062	0.0026	0.0014	0.0132	0.0049	1e-04	0.0011	0.0086	0.001	0.0034	0.0043	0.0128	0.0103	0.0023	0.0053	0.0046	0.0037
C[T>A]G	0.0015	0.0028	0.0032	0.0115	0.0342	0.0105	8e-04	7e-04	0.0121	0.0051	3e-04	6e-04	0.0031	4e-04	2e-04	0.0027	0.013	0.0045	0.0065	0.0021	0.0012	0.0025
C[T>A]T	0.0022	0.006	0.0025	0.0163	0.0115	0.0098	0.0011	0.0018	0.0205	0.0069	9e-04	4e-04	0.0054	1e-04	0.002	7e-04	0.0096	0.0315	0.0038	0.0022	0.0025	0.001
C[T>C]A	0.0042	0.008	0.0017	0.0077	0.0052	0.0143	0.0062	0.001	0.0061	0.0154	5e-04	1e-04	0.0312	8e-04	6e-04	0.0032	0.0146	0.0075	0	0.0066	0.0148	0.0219
C[T>C]C	0.0053	0.0098	0.0019	0.0139	0.0026	0.0126	0.004	8e-04	0.0108	0.0118	0.0019	4e-04	0.0385	0.0011	0.0053	0.005	0.0194	0.0402	0.0034	0.007	0.0196	0.01
C[T>C]G	0.0071	0.0119	0.0011	0.0089	0.01	0.0189	0.027	0.001	0.0081	0.0154	0.0015	1e-04	0.0415	4e-04	0.0016	0.0128	0.019	0.029	0.0025	0.004	0.079	0.0211
C[T>C]T	0.0068	0.0159	0.0036	0.0117	0.0054	0.0191	0.0033	0.0045	0.0119	0.0275	0.002	9e-04	0.0324	4e-04	0.0027	0.0035	0.0263	0.1028	9e-04	0.0053	0.011	0.0204
C[T>G]A	3e-04	9e-04	1e-04	7e-04	0	0.002	1e-04	0	0.0028	0.0216	0.0022	0	0.0013	0	0	0	2e-04	0	0	0	0	0
C[T>G]C	0.0021	0.0023	0.0012	0.0057	0.0013	0.0035	0.004	8e-04	0.0012	0.0064	0.0018	1e-04	0.0049	2e-04	0.002	0.0019	0.0082	0.0195	0.0024	0.0011	0.0091	5e-04
C[T>G]G	0.0016	0.0032	0.0014	0.0096	0.0046	0.0072	0.005	9e-04	0.006	0.0126	0.0037	0.0011	0.0045	1e-04	5e-04	7e-04	0.0067	0.0134	0.0064	0.0013	0.0167	4e-04
C[T>G]T	0.0028	0.0071	0.0011	0.0104	0.0012	0.0116	0.0086	0.0013	0.0077	0.0509	0.0182	9e-04	0.0063	6e-04	0.0063	0.0045	0.0186	0.2591	0.0021	0.0019	0.0017	0.0032
G[C>A]A	0.0083	0.0169	0.0093	0.0107	0.0376	0.0119	0.0024	3e-04	0.0267	0.0118	0.0014	4e-04	0.0062	9e-04	0.0018	0.0024	0.0096	0.0066	0.1406	0.0032	0.0012	1e-04
G[C>A]C	0.0058	0.0067	0.0043	0.0117	0.0399	0.0093	0.0058	1e-04	0.0115	0.0092	0.0022	0.001	0.0056	4e-04	0.0114	0.0099	0.0094	0.0013	0.0152	0.0031	0.0034	0.0038
G[C>A]G	6e-04	0.0015	0.0011	0.001	0.0227	0.0028	0.0021	0	0	0	2e-04	0	0.0015	2e-04	0.0011	0.0013	0.0036	0.0013	0.0097	0	0.0041	3e-04
G[C>A]T	0.0045	0.0081	0.0027	0.0135	0.0258	0.0104	0.0087	1e-04	0.0203	0.0085	0.0088	6e-04	0.0027	0.001	0.0736	0.0309	0.0063	0.0031	0.0768	0.0072	0.0134	0.0023
G[C>G]A	6e-04	0.0023	0.0025	0.0111	0.007	0.0056	0	0	0.0033	0.0011	0	0	0.0012	0.001	2e-04	0.0022	0.0031	0.0013	9e-04	0.002	0.0014	4e-04
G[C>G]C	0.0024	0.0029	0.0023	0.009	0.0091	0.0054	0.003	4e-04	0.0025	0.0029	2e-04	2e-04	0.0011	0.0011	1e-04	5e-04	0.0032	2e-04	3e-04	0	0.0019	0.0042
G[C>G]G	0	2e-04	1e-04	0.0011	0.0062	0.0011	0	0	0	0	0	0	0	0	0	6e-04	0	0	5e-04	0	0	0
G[C>G]T	9e-04	0.0036	0.0039	0.0164	0.006	0.0061	0.0017	0	0.0044	0.0044	4e-04	0	9e-04	0.0013	3e-04	0.0018	0.0029	0.0018	0.0015	0	0.0012	4e-04
G[C>T]A	0.025	0.0231	0.0055	0.0181	0.0087	0.0202	0.0653	0	0.0036	0.0062	0	0.0261	0.0124	0.0038	0.0557	0.0476	0.0125	0.0021	0.0032	0.0374	0.0545	0.0163
G[C>T]C	0.0272	0.0254	0.0029	0.0098	0.008	0.0182	0.0773	0.021	0.0025	0.0069	0.0134	0.0975	0.0092	0.0023	0.0618	0.1345	0.0092	3e-04	0.0051	0.0614	0.0529	0.0392
G[C>T]G	0.1026	0.049	0.002	9e-04	0.0023	0.0133	0.1339	2e-04	0.0177	0.0088	0.027	0.009	0.0023	0.0032	0.0978	0.1829	9e-04	0.0076	0.0134	0.0278	0	0.0019
G[C>T]T	0.0177	0.0231	0.0041	0.0117	0.0082	0.0196	0.0524	0.0161	0.0053	0.0101	0.0152	0.0522	0.0115	0.0024	0.0555	0.08	0.0116	9e-04	0.0016	0.0917	0.0492	0.0166
G[T>A]A	7e-04	0.0017	4e-04	0.0045	0.0069	0.0067	0	0	0.0063	0.003	0	3e-04	0.0015	2e-04	0	0	0.003	0	0.0021	0.0026	0	0
G[T>A]C	5e-04	0.003	0.0012	0.0062	0.0052	0.004	0.0028	0	0.0055	0.0029	1e-04	3e-04	0.0039	0	0.0025	0.0038	0.004	0.0026	0.0015	0	0.004	0.0142
G[T>A]G	0.0012	0.002	0.0014	0.0086	0.0133	0.0068	6e-04	6e-04	0.0062	0.0028	0	4e-04	0.0019	4e-04	0	0.0026	0.0051	0.0036	0.0014	0.0016	8e-04	0.0031
G[T>A]T	0.0021	0.0022	0.0019	0.0088	0.0045	0.0051	0.0021	0.001	0.0139	0.0036	4e-04	1e-04	0.0031	1e-04	9e-04	0.0043	0.0033	0.0039	0.0039	0.0052	0.0018	0.0041
G[T>C]A	0.0113	0.0116	0.0013	0.0081	0.0061	0.0164	0.0122	2e-04	0.0068	0.0091	0.0064	0.001	0.0573	8e-04	0.0078	0.0195	0.0161	0	4e-04	0.0039	2e-04	0.1426
G[T>C]C	0.007	0.0099	8e-04	0.0064	0.0016	0.0096	0.0059	1e-04	0.0057	0.0097	0.0101	0.0016	0.0274	0.001	0.0127	0.0499	0.0099	0.0098	0.0025	0.003	0.0013	0.0665
G[T>C]G	0.005	0.0101	0.001	0.0069	0.0042	0.0142	0.0115	3e-04	0.0053	0.0094	0.0054	0.0019	0.041	1e-04	0.0082	0.0154	0.0148	0.0047	0.0066	0.006	0.0287	0.0884
G[T>C]T	0.0107	0.0145	0.0017	0.0086	0.0024	0.0157	0.0042	0.0081	0.0071	0.0126	0.0124	0.0023	0.0405	7e-04	0.0086	0.0094	0.0142	0.0082	0.0048	0.0099	7e-04	0.1003
G[T>G]A	1e-04	5e-04	0	0.0036	0	0.0016	0	0	2e-04	0.0072	0	0	0	0	0	0	0	0	0.0016	0	0	0
G[T>G]C	2e-04	9e-04	5e-04	0.0046	0	3e-04	0.0016	0	0	6e-04	0.002	0	4e-04	0	0.0019	0.0022	0.0032	0.0091	0	0	0.0031	6e-04
G[T>G]G	0.0012	0.0047	0.0017	0.0177	0.0018	0.006	0.001	0.0017	0.0058	0.005	9e-04	0.001	0.0011	3e-04	0.0012	0.0037	8e-04	0.0048	0.0118	0.0043	0.003	4e-04
G[T>G]T	8e-04	0.0022	5e-04	0.0069	2e-04	0.0033	0.0035	9e-04	0.0075	0.0185	0.003	0	0.0032	0.0011	0.0038	0.019	0.0044	0.0633	0.0032	0.0025	0.0036	8e-04
T[C>A]A	0.0124	0.0134	0.0247	0.0138	0.033	0.0148	0.0017	0.001	0.0286	0.0222	0.0374	9e-04	0.0066	0.0354	5e-04	0.0057	0.0122	0.0018	0.0646	0.0051	7e-04	1e-04
T[C>A]C	0.0113	0.0119	0.0138	0.0175	0.0538	0.0121	0.0029	0.002	0.0166	0.0043	0.0103	0.0025	0.0099	0.0168	0.0166	0.0062	0.0145	0.0013	0.0392	0.0063	0.0042	5e-04
T[C>A]G	0.0023	0.0034	0.0028	0.0016	0.0104	0.0039	0.0011	2e-04	0.0018	0	0.0031	1e-04	0.0019	0.0039	0	0.0025	0.004	0.0022	0.0157	0.0018	0.0011	0
T[C>A]T	0.0155	0.0191	0.015	0.0181	0.037	0.0183	0.0058	0.0013	0.0466	0.0322	0.3083	4e-04	0.0049	0.0183	0.0516	0.0145	0.0157	0.0049	0.1125	0.0087	0.0121	4e-04
T[C>G]A	0.0019	0.002	0.1281	0.0175	0.0032	0.0027	0	2e-04	0.0053	0.0033	0	1e-04	0.0024	0.2267	0	9e-04	0.005	4e-04	0.0022	5e-04	0	2e-04
T[C>G]C	0.0021	0.0036	0.0339	0.0179	0.0105	0.008	2e-04	0.001	0.0049	0.0025	0	0.0011	0.0027	0.0596	0	0.0026	0.0064	6e-04	0.0084	0.0011	1e-04	3e-04
T[C>G]G	3e-04	8e-04	0.0055	0.002	0.0031	0.0013	0	3e-04	0	0	0	3e-04	0	0.0106	0	0	0	0	0.0014	0	0	0
T[C>G]T	0.0032	0.0069	0.1487	0.0302	0.005	0.0067	1e-04	7e-04	0.0104	0.0049	1e-04	8e-04	0.0015	0.2629	1e-04	0.0015	0.0169	0.0028	0.0033	0.0105	5e-04	3e-04
T[C>T]A	0.0145	0.0229	0.2116	0.0106	0.0035	0.0111	0.0074	0.1202	0.0064	0.005	0.0037	0.0302	0.0138	0.1515	0.0092	0.0112	0.0172	0.0164	0.0164	0.0218	0.0107	0.0064
T[C>T]C	0.0178	0.0234	0.0512	0.0142	0.007	0.0208	0.0067	0.2887	0.0066	0.0084	0.0211	0.1589	0.0095	0.0306	0.0283	0.0156	0.0131	0.017	0.0048	0.033	0.0078	0.0086
T[C>T]G	0.0758	0.0382	0.0266	0.001	0.0011	0.0074	0.0391	0.0992	0.0094	0.0047	0.2141	0.008	0.001	0.0216	0.0094	0.0104	0.0036	0.0165	0.0133	0.009	0.0244	0.0126
T[C>T]T	0.0138	0.0267	0.1043	0.0091	0.0077	0.0118	0.0047	0.0844	0.0145	0.0096	0.0392	0.0954	0.009	0.075	0.0229	0.0076	0.0193	0.0201	0.0015	0.0267	0.0098	0.0064
T[T>A]A	0.0055	0.0044	0.002	0.0066	0.0045	0.0088	2e-04	0.001	0.0192	0.0215	0	3e-04	0.0057	1e-04	0	8e-04	0.0085	6e-04	9e-04	0.0039	1e-04	0.0027
T[T>A]C	0.002	0.0055	0.0024	0.0096	0.0046	0.0068	8e-04	0.0015	0.0099	0.0027	8e-04	0	0.0132	5e-04	0.0016	0.0019	0.0087	0.0026	0.0024	0.0048	7e-04	0.0045
T[T>A]G	0.0011	0.0023	5e-04	0.0067	0.0082	0.0071	0	0.001	0.0067	0.014	0	0	0.0037	6e-04	0	6e-04	0.0063	0	0.0019	0.0052	0	0
T[T>A]T	0.0039	0.0055	0.0029	0.0145	0.0045	0.0101	7e-04	0.005	0.0241	0.0139	0.0028	8e-04	0.0094	7e-04	0.0012	3e-04	0.008	0.0038	0.0021	0.0085	0.001	8e-04
T[T>C]A	0.0081	0.0085	0.0024	0.0091	0.0028	0.017	0.0059	0.0023	0.0066	0.0156	0.003	2e-04	0.05	5e-04	0.0018	0.0068	0.0246	0.0017	2e-04	0.0052	0.004	0.0389
T[T>C]C	0.0048	0.0104	0.0015	0.0105	0.0016	0.0142	0.0035	0.0018	0.0074	0.0137	0.0097	9e-04	0.0342	6e-04	0.0056	0.0099	0.0183	0.0112	0.0069	0.002	0.0113	0.0313
T[T>C]G	0.0084	0.0075	8e-04	0.0066	0.0036	0.0126	0.0106	0.0019	0.0029	0.0098	0.0065	7e-04	0.032	2e-04	0.0034	0.0039	0.0165	0.006	0.0011	0.0057	0.0242	0.0249
T[T>C]T	0.0061	0.0141	0.0024	0.0108	0.0022	0.0173	0.0029	0.0024	0.0118	0.0309	0.0099	5e-04	0.0371	0.0012	0.0026	0.0047	0.0174	0.0072	0.0014	0.0038	0.0041	0.0274
T[T>G]A	0.0014	9e-04	4e-04	0.0032	0	0.0051	9e-04	0	0.0029	0.0502	0.005	0	0.0019	1e-04	0	0	0.0068	0	0	0.0032	0	0
T[T>G]C	0.0013	0.0035	0.0014	0.0056	3e-04	0.0051	0.0019	0.001	0.0031	0.0081	0.0092	0	0.0027	4e-04	0.0015	4e-04	0.0069	0.0096	0.0036	0.0018	4e-04	0.0018
T[T>G]G	0.002	0.0029	0.0024	0.0099	0.003	0.006	0.0011	0.001	0.0067	0.0088	0.0022	3e-04	0.0011	1e-04	2e-04	9e-04	0.0049	0.0045	8e-04	0.0011	4e-04	3e-04
T[T>G]T	0.004	0.0085	0.002	0.0113	0.0011	0.0132	0.0072	0.0014	0.0112	0.0545	0.0633	3e-04	0.0032	3e-04	0.0025	0.0033	0.0163	0.0572	0.0015	0.0013	0	3e-04
