Type	Signature_1A	Signature_1B	Signature_2	Signature_3	Signature_4	Signature_5	Signature_6	Signature_7	Signature_8	Signature_9	Signature_10	Signature_11	Signature_12	Signature_13	Signature_14	Signature_15	Signature_16	Signature_17	Signature_18	Signature_19	Signature_20	Signature_21
A[C>A]A	0.0135362441189313	0.0121001060619503	0.0116454373697014	0.0268623285628061	0.0412781687214657	0.0169712468729733	0.00205847013928185	0.000447629060731089	0.0417359178327399	0.0138433902304354	0.000793362270445951	0.00022350175878797	0.00871032034923273	0.000770723185369297	0.000115635562370533	0.00155649202812385	0.0182848119437943	0.00200109471965361	0.0564890546028219	0.012205814612268	0.00148107072112445	0.000113336118630769
A[C>A]C	0.00996233094846184	0.00969464182747225	0.00606162858375038	0.0197556636486362	0.0313097081213372	0.00908260592337414	0.00303771246675732	0.000501327200768121	0.0291633244111017	0.00692514705749168	0.00101546856826527	0.00100125323335284	0.00476358855092861	9.86491542049105e-05	0.00435144691152442	0.00429098031208269	0.00987027694459545	0.000298819804843868	0.00769309112311208	0.00756323672234201	0.0024498340590183	0.000710819539810966
A[C>A]G	0.00145233914730815	0.00149132552036133	0.00115506516566793	0.00170365889623278	0.0165796468784295	0.00200745950232354	0.000485022944362009	0	0.00154457037496397	0.000462091360729465	0.000272390142669951	0	0.00154059666504395	8.8205773596878e-05	0.000463188801081735	0	0.00200163060234002	0	0.0015386500414534	0.00045692995009198	0	0
A[C>A]T	0.00677068965423086	0.00693174923749981	0.00364905518992355	0.0171187900180949	0.0244368956227409	0.00931810312936894	0.0020457918954667	0.000398043445276275	0.0302548920413565	0.00697561223681169	0.00927200235479307	0.000198743597987073	0.00462714849523175	0.000195813478468502	0.030436543507489	0.00606862926247166	0.00888708833606501	0.00316342339439779	0.0181838181635426	0.00750631722602636	0.00293793812492337	0.000604688610614579
A[C>G]A	0.00217546780482824	0.00593370585730253	0.00532362851186348	0.0241760957065255	0.010969814701321	0.0133264153297844	0.00157412422415671	0	0.00964008971680134	0.00553735609217415	0.000566687336032822	0.000782256155757896	0.0035067523483924	0.00198185961952105	0.000115635562370533	0.0013170317161048	0.00545137250498216	0.00177875086191432	0.00158169352887901	0.0066162359580518	0.000569642585047865	0.000566680593153845
A[C>G]C	0.00281544135500008	0.00448246880194953	0.00308049977206987	0.0109307986685348	0.00547159947751525	0.00744977789220575	0.00130187677146742	0	0.0037597317185044	0.00237728928839267	0.00030464057047958	0.000300375970005853	0.00152029421838147	0.00138108815886875	0	0.000107274507802067	0.00244213037804424	0.00159370562583396	0.00172082301438033	0.00194191213141214	0.00224568122076677	0.00081236518835539
A[C>G]G	0.000580935658923259	0.001118494140271	0.000177702333179681	0.00340731779246556	0.00280857406137331	0.00209870766152006	0	0	0.000726856647041867	0	0	0	0	0.000617440415178146	0	0.000575508083622353	0	0	0.00244373830113188	0	0	0
A[C>G]T	0.00322413793058612	0.00558678296753716	0.00611463302095297	0.0207017925800217	0.00543042124949798	0.0118501963710453	0.00193811863781055	9.95108613190688e-05	0.00816882085116626	0.003898136249983	0.000201565268582458	0.000894346190941828	0.00251475461697378	0.00137069434927951	0.000102826160498273	0.00106467180043362	0.00737224373332666	0.00118628377289917	0.00431991260238857	0.00730344378748511	0.000607849267225525	0.00181406583184374
A[C>T]A	0.0358952187796659	0.0308320010232386	0.0082072606224562	0.020706378267163	0.0135709047851394	0.0249443158736991	0.037778981379761	0	0.0259715358252648	0.0107286274285874	0	0.0251439478636466	0.01368764626308	0.00143134305854298	0.0338812197745661	0.0140084282531147	0.0153319851702623	0.0105613332426163	0.00395423382219753	0.0252101404608526	0.0337228410348336	0.00578014205016922
A[C>T]C	0.015593213658462	0.017200170984225	0.00357735457401662	0.0095268428762459	0.00759944371877117	0.0130626242493471	0.0176838261457658	0.019752291710264	0.00650331972930491	0.00578818261521692	0.00324949941844885	0.110037730345477	0.0054730591861733	0.00157838646727857	0.0332574871095081	0.0181293918185494	0.00773341286380675	0.00428308386942877	0.0014171483647838	0.0207477980356139	0.022763041465045	0.00629583020975427
A[C>T]G	0.165566662793129	0.0627288797001986	0.00426485599631235	0.00179332515392924	0.00253677657156299	0.0151471944266231	0.0880801666961408	8.96509532703289e-05	0.0266211246979084	0.0115522840182366	0.0114403859921379	0.00644584822270114	0.00172184333151971	0.00352823094387512	0.0459483290673081	0.0296386663065512	0.00318441232190458	0.00837181502091004	0.00814579433710626	0.0336300443267697	0.0311231433189292	0.0232436822667842
A[C>T]T	0.0136488505728146	0.0196571993302234	0.00453666320909414	0.0146305937945346	0.0059332380318589	0.0167118153950639	0.0160433153907651	0.00427896703671996	0.0209767251486738	0.007796272499966	0.00473678381168777	0.0634985795568698	0.00673954237348973	0.00117488087081101	0.0284828464580218	0.00702683388286192	0.0101999536584383	0.00573370490234599	0.00482222802127096	0.0269821673259866	0.0184380944391743	0.0030234430530729
A[T>A]A	0.0040748992520056	0.00451118251684888	0.00196319088379884	0.00915125966140123	0.00457557337063261	0.00835263424062301	0.000612383709812052	0.000943267804647993	0.0108023270678479	0.0117658501968629	0	0.000188389925357008	0.00553029279616733	0.00018561245225608	0	0.002119334813268	0.007754010234543	0.000562241787137317	0.00276165249255215	0.00105767540599751	9.60304962782392e-05	0.00792908652140317
A[T>A]C	0.00236874943384697	0.0124380807260858	0.00237134112988787	0.00877468176275523	0.00392923905186118	0.00740741420460387	0.00355980228272013	0.000797562189231832	0.00949743414727212	0.00431645077979342	0.000201938806921122	9.95559536198126e-05	0.006550478818193	0.000588529072976097	0.000824133733646937	0.00959980353702441	0.00738590588700887	0.00188176345128946	0.000805194086069024	0.00538610913086713	0.00192842313296196	0.0294827149984363
A[T>A]G	0.00304502469475378	0.00837526306730565	0.0028941240033969	0.00795631810909427	0.0101760724362991	0.0116838229220693	0	0.000906261278118041	0.0107152937529132	0.00705866807746856	0	0.000703884856383343	0.0046822421121171	0.000594434855040956	0	0.000969613581720971	0.00817536669311735	0.00110037435015771	0.00447300734144774	0.00461900186752193	0.000205028895568243	0.00275349778835639
A[T>A]T	0.00760052072847581	0.00793384017092221	0.00210083340133542	0.00839561876822384	0.00257059650157901	0.0094067387037712	0.00486246647061602	0.00296764143959776	0.0226856473642174	0.0161702987532411	0.00103048066897253	0.000254013795690134	0.00514256456625767	0.00108449820173495	0.000788531462314826	0.0071666424836114	0.00722818081652101	0.00168465213455207	0	0.00285221350320513	0.0045750243923327	0.00369251179363503
A[T>C]A	0.0142621473820196	0.0315782776179422	0.00476774928922575	0.0130193178687976	0.00800725339860707	0.0337945661229805	0.00765479637265065	0.000471633902323996	0.0156777136205934	0.0245040847075162	0.00296150128836809	0.000565169776071024	0.0444330421209306	0.0027841867838412	0.0025342035432971	0.0116058811202771	0.0686373498539177	0.00253008804211793	0.00180935852960313	0.01394208489724	0.0158450318859095	0.0253157581707451
A[T>C]C	0.00678323701510724	0.0119198273624989	0.00177850584741591	0.00887439405551381	0.00201499438556984	0.0140030569895251	0.00604087660097961	9.9695273653979e-05	0.00757774001112137	0.0107911269494835	0.00525040897994916	0.00149333930429719	0.0319461813133412	0	0.00473876896846989	0.00778650731336424	0.0173012315983358	0.00812129489503873	0.00140908965062079	0.00487798562795513	0.0210096625538487	0.0166597533381575
A[T>C]G	0.0110925899594602	0.018949032689779	0.00249493448568698	0.0128912495944818	0.00824261867340228	0.0292095573051733	0.023643295827854	0.000704869882980698	0.00867428541902499	0.0182694938475657	0.00265154793893128	0.000804439835866678	0.0495706936652398	0.000792579806721274	0.00364176647438402	0.00786464349618121	0.0355628451150604	0.00450153143246335	0.00355807402160616	0.0138570056025658	0.0594583797147906	0.0228438335034012
A[T>C]T	0.0084246735785515	0.0270632103608124	0.00579830018768577	0.0148407402468603	0.00308471580189481	0.0233873962268073	0.00211012695894657	0.000932687309587868	0.017014235523163	0.021589534011084	0.00343493556324177	0.000254013795690134	0.021427352359407	0.00108449820173495	0.00219036517309674	0.00571517058819644	0.0427667364977493	0.0026112108085557	0.00462246000288536	0.013828913954934	0.00690569719597388	0.0162298774185354
A[T>G]A	0.00162995970080224	0.000980691851488887	9.34852801808971e-05	0.000754743064857834	0	0.00316824057402942	0	0	0.00516217399702465	0.0325748745119759	0	0	0.00114419850955186	9.28062261280401e-05	0	0	0.00497788311353378	0	0	0.00134613233490593	0	0
A[T>G]C	0.00193806771860207	0.000932856054456433	0.000494029402059974	0.000997122927585821	0.000201499438556984	0.0022323714041272	0.0018338375395831	0	0.000808292267852946	0.00524140451832058	0.00403877613842243	0	0.00100776597202969	0	0.00206033433411734	0.000639986902468294	0.00424942530485442	0.00643761180704289	0.00110714186834491	0	0.000405983817465675	0.00313001426353262
A[T>G]G	0.00152251234737689	0.00387355916862886	0.00169655545026715	0.00815774388400804	0.00152641086544487	0.00563693211152468	0.000762686962188838	0.000906261278118041	0.00622507541835911	0.00539780500041713	0.00152973919553728	0.000100554979483335	0.00183218169604582	0	0.000728353294876805	0.00129281810896129	0.00623371710350198	0.00350119111413816	0.00284645921728493	0.00102644485944932	0.000717601134488852	0.00163170239310008
A[T>G]T	0.00293032124471357	0.00317353606836888	0.000504200016320501	0.00542747071885178	0.000171373100105267	0.00319311313797738	0.00266059486128046	0	0.00360908026248913	0.0168695549155434	0.011764654304103	0	0.00257128228312883	0	0.0049064179877367	0.00263079281043963	0.00653978264351901	0.0257751776586466	0	0.00146932210771173	0.000345284859798694	0.00154570261128908
C[C>A]A	0.00712765938271798	0.00921701568565785	0.00595508986190993	0.0191128796164796	0.045890254068564	0.00972503551922714	0.0107648752952918	0.00118203818906244	0.0302480065140986	0.0099512874280251	0.00309262438740382	0.000688558698002324	0.0134421627879782	0.00339203564671169	0.00569995494982431	0.0111712402785608	0.0158947508847128	0.000978559235787989	0.0959651606863507	0.0112458683140319	0.0178502550542884	0.00199521779935195
C[C>A]C	0.00807607289000513	0.00493789727179182	0.0012018108095712	0.016272213958267	0.0627024172108636	0.00514263666443498	0.0263512394548799	0.000606314406799037	0.0207896195984482	0.00593778442046648	0.000921094878226444	0.00171549013767832	0.0114406257813429	0.00109365772249919	0.0106507439343987	0.00908178443621437	0.0102554088013576	0.000401553566072254	0.0223422430443929	0.0163782867679918	0.0385790977775964	0.00143279720629998
C[C>A]G	0.000771103145353976	0.00107223258174386	0.000471745281760001	0.00142821874911271	0.00705504908022373	0.00226086860800748	0.00781136357349744	0	0	0	0.000562420772937475	0.000792210800872581	0.00224538720643394	0.00109274349382049	0.000737774662486079	0.00127316478351595	0.00177123878188956	0.000236431972478361	0.0153774860127862	0.00145561092548697	0.0106609568437591	0.00216931145461197
C[C>A]T	0.00795998982532773	0.0102870632619504	0.00110069929235204	0.0158540989577681	0.0440778904664625	0.0114066983947383	0.0623794089379896	0.00131253572170068	0.0302874951926815	0.00947135477907297	0.0163607415009324	0.00141152470000745	0.00724621554752739	0.00109270408375875	0.131140305681065	0.0246290631631499	0.00860703175385704	0	0.0411798883103437	0.0098801541814856	0.109366312521559	0.0057261913899146
C[C>G]A	0.00138297868619901	0.00215063699332017	0.00410022580656093	0.0150735596975329	0.0104522270655081	0.00761961545836353	0	9.85031824218698e-05	0.00539073383419579	0.00182778748678012	0	0	0.00189185994793767	0.00503959581797166	0	0.00094850153308535	0.00399867946785228	0.00185926254799718	9.94457623692753e-05	0.000200819077036284	0	9.97608899675976e-05
C[C>G]C	0.000763952840946431	0.00325691096650099	0.00180271621435679	0.012532636837423	0.00990575646490842	0.00791966046322986	0	0.000404209604532691	0.00399406484896295	0.00208343312998824	0	0.000201822369138626	0.00194082044504925	0.000397693717272432	0	0.000324349444150513	0.0051277044006788	0.000702718740626444	0.00397875561064532	0.00288422660065265	0.000617265564441542	0
C[C>G]G	0.000428390636307764	0.000989753152378952	0.000157248427253334	0.0023010190957927	0.00505077377334199	0.00209937799314981	0	0.000475991659240631	0.000884391673387842	0	0	0.000633768640698065	0	7.80531067014636e-05	0	0.000339510608937586	0.00225430390422308	0	0.00464528223302916	0.00016173454727633	0	0
C[C>G]T	0.00152657339115874	0.00388389123155269	0.00440279716940817	0.0220139718012322	0.00959102246260989	0.00976248961711835	0.000218491800133063	0.000302892858854003	0.00706026070369941	0.00405915204817413	0	0.000201646385715351	0.00193912810426789	0.00407280613037353	0	0.00183637751655065	0.00819717309891147	0.000902707701005218	0.00591196416336618	0.000823346181790467	0.000102787887708232	0.000306760253031139
C[C>T]A	0.0224468079067686	0.0253979987782572	0.0132769216593402	0.0150735596975329	0.0209044541310161	0.022959104473227	0.00905954851583964	0.0742713995460898	0.00529090542985883	0.0099512874280251	0.00119714492415632	0.0304933137686744	0.0186198847507549	0.00523342642635518	0.00610709458909747	0.00537484202081698	0.0209930672062245	0.0211368794930206	0.00656342031637217	0.0439793778709461	0.0110310564942232	0.00339187025889832
C[C>T]C	0.020299318345148	0.0192262808667639	0.00610920494865358	0.00990482588764078	0.0147054528963589	0.0181020810588111	0.0108247830125855	0.101759767941105	0.00256029798010446	0.00718784429845942	0.00245625300860385	0.153183178176217	0.00960195378076996	0.00198846858636216	0.0174379827161234	0.00951425036174839	0.0100503006253304	0.00391514726920448	0.00357067811211759	0.0775650939389802	0.0191352324976878	0.00931318184094984
C[C>T]G	0.0813942208984752	0.036868304926116	0.00385258646770668	0.00174560069335998	0.00609299693292049	0.0104161446583202	0.0773410832936395	0.0165010441870086	0.0104519015945836	0.00621533608485913	0.00875769489288353	0.0106948458117798	0.00368885041057004	0.00335628358816293	0.0240186640120468	0.0131560360963315	0.00128817365955605	0.0105606281040334	0.0149770306478699	0.0192464111258832	0.0373941137777309	0.0255496682432077
C[C>T]T	0.0187550445199503	0.023723227522457	0.0103065479192964	0.0166619511339601	0.020508462925368	0.0210664249632554	0.00950439330578826	0.0795598575923181	0.0165762642608595	0.0100958397095613	0.00439694927837558	0.0822717253718631	0.0209221716513115	0.00327811225127626	0.0194050094325204	0.0103701318581684	0.021620044048379	0.00982948385539015	0.00193667791558547	0.119282278086894	0.0143903042791525	0.00409013670708186
C[T>A]A	0.00134447479339927	0.00150999370375262	0.000308445914816722	0.0073668533874726	0.00786285168473884	0.00527945083501994	0.000112250145588181	0	0.00988282867292209	0.00588186656238159	0	0.000414383260883818	0.00178272184804908	0.000102068479883889	0	0.00177588481602684	0.00568525102006275	0	0.000314200462369981	0.0045471859068901	0	0
C[T>A]C	0.00213274736161877	0.00475460202865699	0.00164813258062419	0.0138257822649032	0.0116588628439016	0.00655880666208393	0.00292398173238536	0.00145509710012657	0.0139040633639693	0.00525004411134873	0.000105263828172251	0.00114169287722883	0.00903540264816453	0.00102260059464991	0.00365153939920693	0.00478164864482898	0.0135014449104527	0.0106350129394432	0.00241339159113552	0.00561519080668875	0.00486738761826805	0.00389471529952295
C[T>A]G	0.00164438834767155	0.00295492760587095	0.00321921112243037	0.0116751705033884	0.0350821854274666	0.0108480020322882	0.00087865546230354	0.000710541254995637	0.0124474530421895	0.00533659650752112	0.000308409490618806	0.000608184259619778	0.003180812524314	0.000399478445702975	0.000209775318301505	0.0029322452321418	0.0133918615434678	0.00453775068371364	0.00666101842591166	0.00217287759922282	0.00124007132906331	0.00257004850772505
C[T>A]T	0.00249086528048338	0.00653964978181355	0.00259749019365603	0.0170909979658001	0.0121835205662058	0.0104568519983688	0.0012477734431951	0.0018870273318248	0.0217802777665313	0.00745688952573943	0.000955571999678839	0.000418753397541541	0.00572248371543674	0.000103144906582659	0.00216655049525694	0.000785143412793287	0.0102137037762259	0.032805986183348	0.0040218447467732	0.00235100241649473	0.00266820906876437	0.00106173403283662
C[T>C]A	0.00470566177689743	0.00862853545001496	0.00174786018396142	0.00798940437796324	0.0054515771680856	0.015099229388157	0.0069595090264672	0.00103740788695582	0.00641332498987498	0.0164692263746685	0.000525333105833895	0.000103595815220954	0.0327181892112538	0.000816547839071112	0.000643182071618864	0.00355176963205367	0.0153712342394289	0.00772943353783356	0	0.006979401624529	0.0156309517540955	0.0230093162498388
C[T>C]C	0.00594924264030498	0.0105897954274633	0.00195715743949122	0.0144495017655755	0.00273090481028325	0.0133291877326222	0.00449843343443901	0.000831484057215183	0.0113760518432476	0.0126429633701867	0.00200001273527277	0.000415161046265027	0.0404491862737598	0.00112486065411491	0.00569210553405787	0.00556005656375462	0.0204631274424048	0.0415075262296716	0.00356762235211337	0.00741628974468326	0.0207393037647943	0.0105262575662783
C[T>C]G	0.00778343817897865	0.0125584423249515	0.00110660382333544	0.0090355667374049	0.0102579489553996	0.0195264036581188	0.0296546218527445	0.00101505893570805	0.00833259253237481	0.0161144286697697	0.00154204745309403	0.000101364043269963	0.0425818450835584	0.000399478445702975	0.00167820254641204	0.0139010144338574	0.019572720717376	0.0292432821839323	0.00256193016381218	0.00413881447471013	0.0816380291633346	0.0216912094051994
C[T>C]T	0.00769903813967592	0.0173300719218059	0.00374038587886468	0.0122677715460038	0.00572095748326185	0.020380191139678	0.00374332032958531	0.004717568329562	0.0126431856303279	0.0297194872402658	0.00212349333261964	0.000942195144468467	0.0343349022926204	0.000412579626330635	0.00292484316859687	0.00392571706396643	0.0279812926369522	0.107062075544386	0.000952542176867338	0.00566377854882822	0.0117401199025632	0.021659374269867
C[T>G]A	0.000336118698349816	0.000970710238126683	0.000102815304938907	0.000726309488905749	0	0.00211178033400798	0.000112250145588181	0	0.00294382130682786	0.0230996941358986	0.00231146566566914	0	0.00136325788380224	0	0	0	0.000210564852594917	0	0	0	0	0
C[T>G]C	0.00235724708389443	0.00248536015134343	0.00123609943546814	0.00592533525638707	0.00136545240514162	0.00370255214795061	0.00449843343443901	0.000831484057215183	0.00126400576036085	0.00685720047196569	0.00189474890710052	0.000103790261566257	0.00514807825302398	0.000204520118929983	0.00214796435247467	0.00211282149422676	0.00864936314575874	0.020134247797975	0.00251832166031532	0.0011654169598788	0.00962896246222592	0.000526312878313913
C[T>G]G	0.00175401423751632	0.00337706012099537	0.00140840486606329	0.00974622928978506	0.00471865651948381	0.00743862996499763	0.00549159663939713	0.000913553042137248	0.00617229076472208	0.0131845325479934	0.00380371705096528	0.00111500447596959	0.00461730850303645	9.98696114257437e-05	0.000524438295753763	0.000760211726851578	0.00690195941086416	0.0135124131470584	0.00655854121935917	0.00134511470428079	0.0172576593294644	0.000411207761236008
C[T>G]T	0.00317019217516067	0.00773858557514603	0.00114289568520865	0.01090468581867	0.0012713238851693	0.0123774982837835	0.00975531964679808	0.00136285307298458	0.00818088481962395	0.0550080691101648	0.0193237893268387	0.000942195144468467	0.00667623100134287	0.000618869439495953	0.00682463406005935	0.00504735051081398	0.0197890510664377	0.269842254606523	0.00222259841269045	0.00203041117788181	0.00181438216675977	0.00339754890507718
G[C>A]A	0.00859614867801729	0.0168495463673944	0.00883883698342253	0.0102627054274018	0.036438548844541	0.0116150240830873	0.00249030512512652	0.000287690292537666	0.0259489077465518	0.0116651114721116	0.00135971287357239	0.000383051009621685	0.00601008705626894	0.000849158114350874	0.00178364981282327	0.00246241053620271	0.00934289624019595	0.00628759770956304	0.136121050943095	0.00312808568409653	0.001171546041567	9.71211924763965e-05
G[C>A]C	0.00551258332997086	0.00613024256141608	0.00375043790268225	0.0102982942202919	0.0354852175100628	0.00833023876762929	0.00552294428480918	8.8004585347833e-05	0.0102566847899203	0.0083463397859239	0.00196084471701755	0.000878816025685287	0.00498171006683926	0.000346343780964443	0.0103667657854368	0.00932149909023347	0.00839536329344414	0.00113654205850412	0.0135046989928982	0.00278094054562371	0.00304619976191674	0.00338687330203496
G[C>A]G	0.000481515790391838	0.00115884733044158	0.000810099413861857	0.000743209997234713	0.0170463947913204	0.00211770100015039	0.00168847281427202	0	0	0	0.00015051598552327	0	0.00112671425643399	0.000146220918403753	0.000844623634478185	0.00103353699948664	0.00271485257236162	0.000959660503423478	0.0072768791789263	0	0.00310166885241724	0.000225771291853579
G[C>A]T	0.00494300147986524	0.00856522799916374	0.00272162534405151	0.0137329631573374	0.0265182789499206	0.0107661119936657	0.00957443100664399	0.000101708290268132	0.0209245563783925	0.00891206227108124	0.00906471692859648	0.000609396942757503	0.00277590908447161	0.00100068745474071	0.0773512439807847	0.033624830142935	0.00650284261035721	0.00313223909612047	0.0788594227122922	0.00746472064303374	0.01387507419016	0.00236915918866306
G[C>G]A	0.000621408338169925	0.00229313352929037	0.00237603144715659	0.010646357966744	0.00678377239127093	0.00546589368615874	0	0	0.00320716837316932	0.00108742564570532	0	0	0.00116324265605205	0.000943509015945415	0.000198183312535919	0.00225720965818582	0.00301697691089661	0.00123846621551999	0.000871329629080981	0.00195505355256033	0.0013668037151615	0.000388484769905586
G[C>G]C	0.00228106896412587	0.0026533885713592	0.00200604818050446	0.00792176478483989	0.00809311978299678	0.00483691283281701	0.00285669531972889	0.000352018341391332	0.00222971408476528	0.00263091145425862	0.000178258610637959	0.000175763205137057	0.000978550191700568	0.000952445397652219	9.09365419775161e-05	0.000470782782335024	0.0028579960147895	0.000174852624385249	0.000266540111701939	0	0.00170228810224759	0.00374338628119653
G[C>G]G	0	0.00015451297739221	7.36454012601688e-05	0.000817530996958185	0.00465584351128575	0.000831953964344796	0	0	0	0	0	0	0	0	0	0.000477017076686139	0	0	0.000375096864893108	0	0	0
G[C>G]T	0.000988600295973048	0.00380676799962833	0.00393123660807441	0.0166830070948395	0.00616704161626061	0.00631473876551548	0.00187086582888446	0	0.00453537182585848	0.00461330282267735	0.000412032587663476	0	0.000925303028157204	0.00130089369116293	0.000315290396660807	0.00195872796949136	0.00299337199524379	0.00181871947516672	0.00154022309984946	0	0.00124254395732776	0.00041202768498488
G[C>T]A	0.0258920140904135	0.0230310367506989	0.00522726918374451	0.0173602774052312	0.00843125997200816	0.0197162593679297	0.0677570519461507	0	0.00349872913436653	0.00612912636670269	0	0.024994078377815	0.0120201741125379	0.00358533426059258	0.0551940525412535	0.0488378089680205	0.0121652294794218	0.0020005992712246	0.00309806090339904	0.0365595014328782	0.0532077160545014	0.0158307543736526
G[C>T]C	0.0258521149267599	0.0232400240388012	0.0025293650971578	0.00862592165460343	0.00711483057845871	0.0163021876957907	0.073607516071681	0.0184809629230449	0.00222971408476528	0.00625975483944292	0.0119433269127432	0.0856845625043155	0.00818423796695021	0.00199147674054555	0.0561987829421049	0.126640568448121	0.0082167385425198	0.000262278936577873	0.00453118189893296	0.0550805643552567	0.0473952845309986	0.0349382719578343
G[C>T]G	0.0823392001570043	0.0378556794610915	0.00147290802520338	0.000668888997511242	0.00172716775418665	0.0100590797507143	0.107660242776678	0.00014861662891672	0.0133295210304486	0.00674097963765613	0.0203196580456415	0.00667840244875932	0.00172762852653211	0.00233953469446005	0.0750947195017877	0.145410705543158	0.000678713143090406	0.0056103229430911	0.0100525959791353	0.0210575051431516	0	0.001429884848406
G[C>T]T	0.0194424724874699	0.0244267613309484	0.00413283848541156	0.0119019014030257	0.00842829020888951	0.0202899802957546	0.0576666879020857	0.0163750347331692	0.00546306151751135	0.010589626933873	0.0156572383312121	0.0530175340199028	0.0118233164708976	0.00240164989137771	0.0583287233822493	0.0870545764218382	0.0119734879809752	0.000909359737583362	0.00164290463983942	0.0950715115230824	0.0509443022504383	0.0170991489268725
G[T>A]A	0.0007544382501625	0.00176380375516484	0.000395614317011159	0.00449148995352493	0.00695860447235223	0.00680530805285304	0	0	0.00637159559291813	0.00308622776303503	0	0.000298963182389563	0.00151314367020412	0.00019637033601965	0	0	0.00303830508485792	0	0.00211572442885	0.00264485485318012	0	0
G[T>A]C	0.000592507946514151	0.00342232391519088	0.00130494368682956	0.00680405983623912	0.00576600375221747	0.00446715985276057	0.00332428079790338	0	0.00611601946799772	0.00328022196836093	0.000111126470964585	0.00032871250329626	0.00432565650134828	0	0.00283449336767475	0.00446098912624261	0.00445418891712677	0.00283408263112521	0.00166161185021799	0	0.00446823962085833	0.0157797711149616
G[T>A]G	0.00137530985814285	0.00220660698214677	0.00147242673795395	0.00912788207973909	0.0142632453548329	0.00734472517290623	0.000688947383305311	0.000636720286992445	0.00666796012607723	0.00306308043452696	0	0.000423886997763634	0.00203815007018653	0.000417637540782904	0	0.00295199794588803	0.005492549160338	0.00379521860389173	0.00149989719314634	0.00173078103969578	0.000864294174627324	0.00333172527831162
G[T>A]T	0.002311139096903	0.0023308007704668	0.00191887524566573	0.00896895245129427	0.00463411391723039	0.00528961779649932	0.00231548290567192	0.00101902518313159	0.0143550128187716	0.00378172853434269	0.000412819428969907	0.000101760113745593	0.00319324125040616	0.000100259842549349	0.00094767748041945	0.00468811912260804	0.0034127556652313	0.00394808398241865	0.0040122274377533	0.00540148245444132	0.00186737518690997	0.00423134879852093
G[T>C]A	0.0121787888954804	0.0120353667999483	0.00128574653028627	0.00808468191634488	0.00615180975092009	0.0166577689651925	0.0131734941950868	0.000199587703846174	0.00687727778283226	0.00936155754787292	0.00646843146136872	0.000996543941298543	0.0578020882017973	0.000785481344078599	0.00804324917790859	0.0208201408622176	0.0163055706220709	0	0.000402995129304761	0.00396728227977018	0.00020319262628215	0.144123023592345
G[T>C]C	0.00829511125119811	0.0112936689201299	0.000869962457886374	0.00702354563740812	0.0017741550006823	0.0107211836466254	0.00700473453843926	0.000109724169434582	0.00633842017592491	0.0109717769286555	0.0112237735674231	0.00175313335091339	0.0303905097787033	0.0010795540810446	0.0143992263077877	0.0585798308946069	0.0110241175698888	0.0106823114557796	0.00276935308369665	0.00335543064081757	0.00145217787677896	0.0738982238834469
G[T>C]G	0.00573045774226189	0.0111433652598412	0.00105173338425282	0.00732353329653485	0.00450418274363144	0.0153375143316571	0.0132048248466851	0.000318360143496222	0.00570003043035634	0.0102831986016262	0.00580371954189109	0.00201346323937726	0.0439811330934988	0.000104409385195726	0.00899175414540095	0.0174849109102598	0.0159391622692161	0.00495486873285865	0.00707094391054702	0.00649042889885919	0.0310065535147552	0.09500790793637
G[T>C]T	0.0117758039699343	0.0153620959871676	0.00171688837770091	0.00876511262285576	0.00247152742252288	0.0162837253735371	0.00463096581134383	0.00825410398336589	0.00733241661966032	0.0132360498701994	0.0127974022980671	0.00234048261614865	0.0417181518198224	0.000701818897845444	0.00905558481289697	0.0102484464540734	0.0146851910443286	0.00830109965534178	0.00493812607723483	0.0102835915959556	0.0007262014615761	0.103513240119915
G[T>G]A	0.000107776892880357	0.0005187658103426	0	0.00359319196281995	0	0.0016251481917261	0	0	0.000202272875965655	0.00740694663128407	0	0	0	0	0	0	0	0	0.00161198051721905	0	0	0
G[T>G]C	0.00023700317860566	0.00102669717455726	0.000543726536178984	0.00504817342688709	0	0.000335036988957043	0.00189958902737336	0	0	0.00067866661414364	0.0022225294192917	0	0.000443657077061362	0	0.00215421495943281	0.00258267791519309	0.00356335113370141	0.00991928920893823	0	0	0.0034628857061652	0.000666750892181476
G[T>G]G	0.00137530985814285	0.00518552640804492	0.0017879467532298	0.0187864549780677	0.0019303640329849	0.00648063985844667	0.00114824563884218	0.00180404081314526	0.00623776915020128	0.00546978649022671	0.000967286590315182	0.00105971749440908	0.00117998161958167	0.000313228155587178	0.00131586646030258	0.00420092015376373	0.000861576338876548	0.00506029147185565	0.0126419906279477	0.00465147404418242	0.00324110315485246	0.000429900035911176
G[T>G]T	0.000880433941677334	0.0023308007704668	0.000504967169912034	0.00703247408112846	0.000205960618543573	0.00342269386832309	0.00385913817611986	0.000917122664818432	0.00774551051372569	0.0194338827459277	0.0030961457172743	0	0.00329624903267733	0.00110285826804284	0.00400130491732657	0.0207149449603611	0.00455034088697506	0.0640804400223335	0.00329208405148989	0.00259686656463525	0.00373475037381994	0.000825629033857743
T[C>A]A	0.012898791363178	0.0134186187461905	0.0235781993814519	0.0132940919750753	0.0321209717095877	0.0145089630798967	0.00177170637962064	0.000963175573289526	0.027917425172604	0.0220425262867717	0.0364831461436544	0.000865646617626684	0.00642590818302387	0.0335467786813003	0.000497632342712458	0.00587388692197226	0.0119253636249863	0.00172232388188656	0.0628165380343526	0.00500726233899655	0.000686400611737314	9.75473583938551e-05
T[C>A]C	0.0127745031690989	0.0129505501715926	0.0143163072656184	0.0183212830093298	0.0569108736512968	0.0128913462236429	0.00328457412607841	0.00209350353075117	0.0176098500375853	0.00463996912212283	0.0109193339233645	0.00261322243236125	0.0104752408406952	0.0173019512951244	0.0179549799467811	0.00694353545496129	0.0154034514403249	0.00135183570431093	0.0414253120618478	0.00672216178663066	0.00447576374660577	0.000530058446445878
T[C>A]G	0.002242696707064	0.00319151807832638	0.0025054577890597	0.00144482401547812	0.00948906563678576	0.00358388977033213	0.00107461002845801	0.000180572176233173	0.00164701369032184	0	0.00283463895366139	9.0159917031237e-05	0.00173404178184012	0.00346439613096462	0	0.0024149386990276	0.00366511129801164	0.0019732421133846	0.0143105560348852	0.00165660150211427	0.00101108503722349	0
T[C>A]T	0.0183171248465102	0.0217287456887291	0.0162668407873382	0.0198087213108273	0.0409142630873292	0.020380931262954	0.00686703238510779	0.00142248300615468	0.0516765508152992	0.0363213965740044	0.341658696615521	0.000437075429171459	0.00541982089141453	0.019701392603459	0.0583427062845665	0.016975282192253	0.0174345092147893	0.00532643550662649	0.124277433688436	0.0097039309216639	0.0134791735961283	0.000443275551474873
T[C>G]A	0.00197642770887405	0.00200277891734187	0.122282078573441	0.0168584499683925	0.00311476089305093	0.00264690542673792	0	0.000192635114657905	0.00517350886065739	0.00327659174533093	0	9.6182957514076e-05	0.00233669388473595	0.214832054436463	0	0.000927455829785093	0.00488744410860092	0.000382738640419235	0.00213926290519467	0.000490908072450642	0	0.00019509471678771
T[C>G]C	0.00237402271284139	0.0039178134972885	0.0351683200220626	0.0187400551924002	0.0111071407683758	0.0085232041148052	0.000226522353522649	0.00104675176537559	0.00519808826410652	0.00269765646635048	0	0.00114981787023895	0.00285688386564416	0.0613807319755603	0	0.00291180519079022	0.00679876477366065	0.000623924171220428	0.00887685258468166	0.00117371078814186	0.000106565803490614	0.000318035067867527
T[C>G]G	0.000292525657443131	0.000750945430194442	0.00492143494279584	0.00180603001934765	0.00282847148788806	0.00119462992344404	0	0.00027085826434976	0	0	0	0.000270479751093711	0	0.00941605102262179	0	0	0	0	0.00127610053814263	0	0	0
T[C>G]T	0.00378159996831179	0.00784965158388642	0.161258615005146	0.0330510156677892	0.0055289544712607	0.00746187100884107	0.000118397110088065	0.000765952387929442	0.011532964130453	0.00552716904387024	0.000110820206492222	0.000874150858342919	0.00165912884431057	0.283032574614719	0.000113067260241408	0.00175606367506066	0.018767083167512	0.003043677432358	0.00364547138819411	0.0117116407675254	0.00055699064446811	0.000332456663606155
T[C>T]A	0.0150832640940388	0.0229318186035644	0.201989756644341	0.0102114039808549	0.00340676972677445	0.0108817223099226	0.00771213365246632	0.115773703909401	0.00624725598268062	0.00496453294747111	0.00360929520672517	0.029047253169251	0.0134359898372317	0.143568840966582	0.00915643510590923	0.0115416725484367	0.0168128077335872	0.0156922842571886	0.0159472325659966	0.021403591958848	0.0104921236365561	0.00624303093720673
T[C>T]C	0.0201226687088461	0.0254657877323753	0.0531155747825842	0.014866412498999	0.00740476051225051	0.0221603306984935	0.00758849884300873	0.302197234663932	0.00700150664144959	0.00906412572693762	0.0223687326002903	0.166096417800881	0.0100519987865257	0.0315142684304051	0.0306099959333678	0.0174708311447413	0.0139162216460867	0.0176778515179121	0.00507248719124666	0.0352113236442558	0.00831213267226786	0.0091170052788691
T[C>T]G	0.0739114827806311	0.0358576442917846	0.0238018489960671	0.000903015009673823	0.00100365117312157	0.00680020110268148	0.038197501920644	0.089563799411654	0.00860107149390292	0.00437443157081848	0.19577296773513	0.00721279336249896	0.000912653569389535	0.0191874247253425	0.0087696411874177	0.0100461449879548	0.00329860016821048	0.0147993158503845	0.012122955112355	0.00828300751057136	0.0224277044620482	0.0115212986562928
T[C>T]T	0.0163081498633446	0.0303747387376474	0.113108766274625	0.00995908088002921	0.00851458988574148	0.0131418026722873	0.00556466417413907	0.0923519736303499	0.0160796134511124	0.010828739351256	0.0434415209449511	0.104242489857393	0.00995477306586343	0.080743412309258	0.0258924025952824	0.00889738928697401	0.0214322310729575	0.0218492558537128	0.00165703244917914	0.0297810293802789	0.010917016631575	0.00709240882359798
T[T>A]A	0.00527275136334345	0.00406071922934559	0.00175950679528851	0.00585963815754877	0.00403677477138184	0.00795068600935765	0.000192096783695663	0.000887672427596875	0.0172726044069794	0.0196740659574214	0	0.000265929582594291	0.00511461215171747	8.73363085618351e-05	0	0.00075978022029541	0.00765734113778954	0.000529103749354444	0.000806549932840158	0.00352892189687182	9.03705430574389e-05	0.00242731727887984
T[T>A]C	0.00219604521290111	0.00581366032352001	0.00241829274478696	0.00976190943853499	0.00472624809504862	0.00703667546358546	0.000880069080631123	0.00152503800862912	0.0102006646647962	0.00282980236831161	0.000823748461177958	0	0.0135658952750823	0.000500151429549063	0.00168090251013933	0.00206675156703047	0.00897666464489397	0.00262602958815341	0.00246340982991953	0.00497456781083907	0.000724538738367016	0.00463352996018966
T[T>A]G	0.00115406987904836	0.00232296646085954	0.000481388570808642	0.00650978257467707	0.00805008888133038	0.00702012906923056	0	0.000971443503171078	0.00659623650071777	0.0140200162391573	0	0	0.00363332621532196	0.00057347025933672	0	0.00062361142683176	0.0062110415869953	0	0.00186340462361701	0.0051492692474333	0	0
T[T>A]T	0.0035710813063623	0.00484812158877695	0.00243679771531673	0.0122957604431006	0.00385562730399765	0.00871573129013565	0.000642168008275471	0.00423919371612205	0.0207078098559152	0.0121487331143615	0.00240428811908848	0.000677323138831954	0.00805612566816528	0.000583920066128123	0.00105130235873951	0.00027213210375051	0.00688350425077927	0.00320061704253762	0.00179749864966418	0.00734610097096254	0.000863152276316081	0.000686931288866036
T[T>C]A	0.00776532473510581	0.00784457123850853	0.00211140815434621	0.00807919806571118	0.00251177096885981	0.0153592797908045	0.00566685511902205	0.00204164658347281	0.00593745776489918	0.0142751362295709	0.00269705129033267	0.000177286388396194	0.0448650188747146	0.000436681542809176	0.00165104294486153	0.00645813187251098	0.0221612461164262	0.00149912728983759	0.000179233318408924	0.00470522919582909	0.00361482172229755	0.0349713489438614
T[T>C]C	0.00527050851096267	0.0109931031572015	0.00151143296549185	0.0106770884483976	0.00164391238088648	0.0146942340563108	0.00385030222776116	0.00183004561035494	0.00762473924439315	0.0143586268318033	0.00998795009178274	0.000913744098536644	0.0351480013945313	0.000600181715458875	0.00588315878548765	0.0107688634282114	0.0188819497702942	0.0113121274566608	0.00708230326101865	0.00207273658784961	0.0116961253479247	0.0322287750564303
T[T>C]G	0.00881289725818746	0.00757489063323764	0.000770221713293827	0.00641262164072667	0.00353418536253529	0.0124582572214514	0.0111419391152429	0.00184574265602505	0.00285508744060918	0.00981401136741011	0.00639508211575977	0.000679060165651852	0.031423361862244	0.00019115675311224	0.00341294743551749	0.00405347427440644	0.0162670136802258	0.00579036121697876	0.00107881320314669	0.00564439129045573	0.0239335475079062	0.0244977923003731
T[T>C]T	0.00558553742790001	0.0124288208003191	0.00201666017819316	0.00915822157141283	0.00188497334862107	0.0149289258732026	0.00266041031999838	0.00203481298373858	0.0101390936223983	0.0270068959160987	0.00850087584963428	0.000423326961769971	0.0317959853498863	0.00100100582764821	0.00227782177726894	0.00426340295875799	0.0149716217454449	0.00606432702796602	0.00119833243310945	0.00328413925760678	0.00353892433289593	0.0235273966436617
T[T>G]A	0.00134215489248742	0.000830601660547962	0.000351901359057702	0.00284103668244789	0	0.00460778393724136	0.000864435526630482	0	0.00260888295730419	0.0459366563284909	0.00449508548388779	0	0.00170487071723916	8.73363085618351e-05	0	0	0.00612587291023163	0	0	0.00289552565897175	0	0
T[T>G]C	0.00142742938838572	0.00369960202405819	0.0014106707677924	0.00569444717247875	0.000308233571416214	0.00527750659768909	0.00209016406649892	0.00101669200575275	0.00319414752129983	0.00848940710493483	0.00947310730354651	0	0.00277484221535774	0.00040012114363925	0.00157584610325562	0.000435105593059046	0.00711942368388142	0.00969610924856643	0.00369511474487929	0.00186546292906465	0.000414022136209724	0.00185341198407586
T[T>G]G	0.00209830887099701	0.00292895771151856	0.00231066513988148	0.00961893246109	0.00294515446877941	0.00593250343878639	0.00115623896478935	0.000971443503171078	0.00659623650071777	0.00881258163604173	0.00216448933148792	0.000291025785279365	0.00108017806401464	9.557837655612e-05	0.00020076161385397	0.000935417140247641	0.00483081012321856	0.00434277091273407	0.000784591420470321	0.00108926849464935	0.000395595826576962	0.000295154124100881
T[T>G]T	0.00366264749370492	0.00749255154629165	0.0016805501484943	0.00958221331083009	0.000942486674310536	0.0113908567356228	0.0066051566565477	0.00118697424051417	0.00962354648905603	0.0476335219232161	0.0543540849779646	0.000253996177061983	0.00274251086575839	0.000250251456912053	0.00219021324737398	0.00299345314125561	0.0140251399109628	0.0481777091666189	0.00128392760690299	0.00112352132497074	0	0.000257599233324764
