Type	Signature_1	Signature_2	Signature_3	Signature_4	Signature_5	Signature_6	Signature_7	Signature_8	Signature_9	Signature_10	Signature_11	Signature_12	Signature_13	Signature_14	Signature_15	Signature_16	Signature_17	Signature_18	Signature_19	Signature_20	Signature_21	Signature_22	Signature_23	Signature_24	Signature_25	Signature_26	Signature_27	Signature_28	Signature_29	Signature_30
A[C>A]A	0.0134216972964642	0.000756906390449944	0.0248469020636753	0.0412781687214657	0.0170231928176843	0.00205847013928185	0.000447629060731089	0.0414978579823774	0.0138433902304354	0.000793362270445951	0.00022350175878797	0.00871032034923273	0.000367096386702861	0.000115635562370533	0.00155649202812385	0.0182848119437943	0.00203694587031073	0.0569771066039441	0.012205814612268	0.00134658972841302	0.000113336118630769	0.00168767565553035	0.000517110072182265	0.0331824387029654	0.0111735698078314	0.00231794364447433	0.00587517716272419	0.00163454533602509	0.0802889394192016	0
A[C>A]C	0.0099136307669321	0.000614986942602946	0.0179440147765991	0.0313097081213372	0.00914725776639297	0.00303771246675732	0.000501327200768121	0.033664748342633	0.00692514705749168	0.00101546856826527	0.00100125323335284	0.00476358855092861	0.000637398847613959	0.00435144691152442	0.00429098031208269	0.00987027694459545	0.000340931922772089	0.0110509414622971	0.00756323672234201	0.00226124886369585	0.000710819539810966	0.00246410422713812	0.000374853892809314	0.0209798986726812	0.00707983461549971	0.00151416219302262	0.00479133803245115	0.000961203509837996	0.056692617806172	0
A[C>A]G	0.00144362166999743	8.81781263470666e-05	0.00191970581712211	0.0165796468784295	0.00201516606703212	0.000485022944362009	0	0.00228643132644262	0.000462091360729465	0.000272390142669951	0	0.00154059666504395	3.35104165332585e-05	0.000463188801081735	0	0.00200163060234002	1.40399097074253e-06	0.0020666283272927	0.00045692995009198	1.47825685344422e-07	0	0	0	0.0190042059036556	0.0013100763146684	0.000258495416754478	0.000707682973537279	0	0.0164032881806721	0.00178582039073296
A[C>A]T	0.00670379864529137	0.000319314474498807	0.0162080783420405	0.0244368956227409	0.00932763000699503	0.0020457918954667	0.000398043445276275	0.0337659792759366	0.00697561223681169	0.00927200235479307	0.000198743597987073	0.00462714849523175	0.000825601845640982	0.030436543507489	0.00606862926247166	0.00888708833606501	0.00314371387681699	0.0194737165707065	0.00750631722602636	0.00305252269437314	0.000604688610614579	0.000920400936901496	0	0.0253392819346775	0.00498616773137359	0.000604138967946485	0.00272802485231411	0.000533999268516918	0.0273459403849595	0
A[C>G]A	0.00217811173481369	0.000292116717037925	0.026897996462354	0.010969814701321	0.0132970195422381	0.00157412422415671	0	0.00944471712150608	0.00553735609217415	0.000566687336032822	0.000782256155757896	0.0035067523483924	0.00413986493470514	0.000115635562370533	0.0013170317161048	0.00545137250498216	0.00184757973574485	0.00171020954201736	0.0066162359580518	0.000795473639418361	0.000566680593153845	0.00059205474417624	0	0.0138922844108123	0.00906886524162636	0.00144646842699337	0.00149447776389192	0.000298494487166073	0.0106719660717557	0
A[C>G]C	0.0027965046722359	0.000268070033442683	0.0122095250946854	0.00547159947751525	0.00744372551410508	0.00130187677146742	0	0.00436065753449751	0.00237728928839267	0.00030464057047958	0.000300375970005853	0.00152029421838147	0.000904732523651687	0	0.000107274507802067	0.00244213037804424	0.00162070095475305	0.00252416488082484	0.00194191213141214	0.00210563037362868	0.00081236518835539	0	0	0.00874406733156338	0.00165488181699137	0.00155593973065809	0.00179093614609638	0.000281803427860754	0.0035762095758178	0
A[C>G]G	0.000574076987259178	0.000194720374615135	0.00473603600698841	0.00280857406137331	0.002102781831596	0	0	0.000529132974502394	0	0	0	0	1.74739983191379e-05	0	0.000575508083622353	0	2.29825249669487e-05	0.00236147143983381	0	1.164291082486e-05	0	0	0	0	0	0.000279707657089342	0	0	0.000141940933901215	0.00437536434876881
A[C>G]T	0.00318741306636605	0.000602339863970628	0.0231959852755448	0.00543042124949798	0.0118496117141231	0.00193811863781055	9.95108613190688e-05	0.00867793675740039	0.003898136249983	0.000201565268582458	0.000894346190941828	0.00251475461697378	0.0037646175618848	0.000102826160498273	0.00106467180043362	0.00737224373332666	0.00131348680358505	0.00399318707727523	0.00730344378748511	0.000861144557676848	0.00181406583184374	0.000298788732509687	0	0.00399800330941464	0.00344198158163554	0.00252446567238585	0.00132748001645071	0.000320037639993764	0.00405708683415227	0
A[C>T]A	0.0356932314319199	0.008250320835351	0.0200280503219444	0.0135709047851394	0.0248818066354285	0.037778981379761	0	0.0204185614873039	0.0107286274285874	0	0.0251439478636466	0.01368764626308	0.00162317354558091	0.0338812197745661	0.0140084282531147	0.0153319851702623	0.0103964188961442	0.00431318616141098	0.0252101404608526	0.037498092397394	0.00578014205016922	0.00349344823338508	0.022546716130086	0.00731565831283112	0.0236952725770275	0.00671282126265476	0.015488381450066	0.00635575588244692	0.00596266845812551	0.0737867324949444
A[C>T]C	0.0155191974876387	0.00270816824293878	0.00893204292222375	0.00759944371877117	0.0130213652669502	0.0176838261457658	0.019752291710264	0.00572122731086897	0.00578818261521692	0.00324949941844885	0.110037730345477	0.0054730591861733	3.98007781714339e-05	0.0332574871095081	0.0181293918185494	0.00773341286380675	0.00420819716875381	0.00249025363895443	0.0207477980356139	0.0226953059123338	0.00629583020975427	0.00153300603848329	0.0836783359598033	0.00398986058794182	0.0132931936111306	0.0108193845714399	0.00548510684817866	0.00190253729467661	0.0092271592396608	0.0552253513181598
A[C>T]G	0.166296316142049	0.00295062610537016	0.00320741801154954	0.00253677657156299	0.0152975071712617	0.0880801666961408	8.96509532703289e-05	0.0174427372220911	0.0115522840182366	0.0114403859921379	0.00644584822270114	0.00172184333151971	0.000278131661262928	0.0459483290673081	0.0296386663065512	0.00318441232190458	0.00822073762217244	0.00764479777435658	0.0336300443267697	0.0316073978589311	0.0232436822667842	0.00325913448342707	0.00845117652609558	0.00288665058725783	0.0177818263385075	0.0181439577077488	0.00606367503153993	0.00509006930445328	0.029079623412046	0.0185729677845538
A[C>T]T	0.0135753487763041	0.00327952145293761	0.0147456938907491	0.0059332380318589	0.016694020386259	0.0160433153907651	0.00427896703671996	0.0209096487032858	0.007796272499966	0.00473678381168777	0.0634985795568698	0.00673954237348973	0	0.0284828464580218	0.00702683388286192	0.0101999536584383	0.00567110750014736	0.00562006162665675	0.0269821673259866	0.0190980525526712	0.0030234430530729	0	0.0336833806590187	0.00352318864756396	0.00575112942628161	0.0114534623745063	0.00449172085133878	0.00169454958089257	0.00486597278132094	0.0221023380278963
A[T>A]A	0.00409936844346415	1.23707576586817e-07	0.00796144070335987	0.00457557337063261	0.0085497588902489	0.000612383709812052	0.000943267804647993	0.0127319522426372	0.0117658501968629	0	0.000188389925357008	0.00553029279616733	0.00114951342898809	0	0.002119334813268	0.007754010234543	0.000574497857353313	0.00288634071019528	0.00105767540599751	0.000552534768984327	0.00792908652140317	0.0469296781284381	0	0.00113919454097502	0.0194426231235642	0.00427138144348533	0.136110813029737	0.000950455613157081	0	0.00723418794638325
A[T>A]C	0.00255460761555021	0.00011167836129505	0.00736084350827703	0.00392923905186118	0.00751011578336025	0.00355980228272013	0.000797562189231832	0.0125163019417066	0.00431645077979342	0.000201938806921122	9.95559536198126e-05	0.006550478818193	0.00103555488585039	0.000824133733646937	0.00959980353702441	0.00738590588700887	0.00186078922721051	0.000814746692356164	0.00538610913086713	0.00200434342403148	0.0294827149984363	0.0116623656206638	0	1.56579103810066e-05	0.00894420368307284	0.0129807964785341	0.00147207731997268	0.00350712864601578	0.00311693690442709	0.0037733417473204
A[T>A]G	0.00305878901848499	0.000531654336365605	0.00741877958131081	0.0101760724362991	0.0117977682212289	0	0.000906261278118041	0.0142745668870151	0.00705866807746856	0	0.000703884856383343	0.0046822421121171	0.000101194512158316	0	0.000969613581720971	0.00817536669311735	0.00108785581950937	0.00456846693726907	0.00461900186752193	0.000195709747239539	0.00275349778835639	0.068571250646134	0.000243672416727559	0.00660038411312704	0.00634119880384811	0.00119875063820572	0.00124534741490846	0.00187948272890065	0.00403642454851906	0.00671967304776763
A[T>A]T	0.00766105482559834	0.000125256911503034	0.00743275786137155	0.00257059650157901	0.00966276050949223	0.00486246647061602	0.00296764143959776	0.0206455960609824	0.0161702987532411	0.00103048066897253	0.000254013795690134	0.00514256456625767	0.000807453649450958	0.000788531462314826	0.0071666424836114	0.00722818081652101	0.00172318819150435	0.00233765362814457	0.00285221350320513	0.00641683711152695	0.00369251179363503	0.0124124162924908	0	4.3595591266131e-06	0.0127038622587897	0.00343811519340039	0.0021679282446355	0.00500996960416967	0.00443808038942704	0.00802270862910943
A[T>C]A	0.0141851529028665	0.00121814218843102	0.0123132520572957	0.00800725339860707	0.0339638669573063	0.00765479637265065	0.000471633902323996	0.0154387754676629	0.0245040847075162	0.00296150128836809	0.000565169776071024	0.0444330421209306	0.000507876829303746	0.0025342035432971	0.0116058811202771	0.0686373498539177	0.00252788733221465	0.00278735744213552	0.01394208489724	0.0157709277687627	0.0253157581707451	0.0159271424350742	0.00102723449747594	0.00461440503703835	0.0196641240332695	0.0527092282621918	0.00480157668570714	0.00403511369733771	0.00978569217625614	0
A[T>C]C	0.00676047554854536	0.000420340408612824	0.0091710232289398	0.00201499438556984	0.0139775295390522	0.00604087660097961	9.9695273653979e-05	0.00784111552155846	0.0107911269494835	0.00525040897994916	0.00149333930429719	0.0319461813133412	0.000142150817701029	0.00473876896846989	0.00778650731336424	0.0173012315983358	0.00800161549771443	0.00151996251077183	0.00487798562795513	0.019572887951348	0.0166597533381575	0.00110784680111761	0.000225150325895888	0.000648015393680401	0.00955766350754399	0.0279358255397561	0.00185576621455024	0.0082119605189448	0.00648989631011257	0.00883747324645958
A[T>C]G	0.0110316198645805	0.000574096138151443	0.0118148297863077	0.00824261867340228	0.0291652604106926	0.023643295827854	0.000704869882980698	0.0100195767600427	0.0182694938475657	0.00265154793893128	0.000804439835866678	0.0495706936652398	0.000275476185936929	0.00364176647438402	0.00786464349618121	0.0355628451150604	0.00443493409017898	0.003377922015758	0.0138570056025658	0.0562575834605314	0.0228438335034012	0.00496106263280673	0.00051194055910973	0.00283900186308398	0.0202280958500987	0.0529576069002009	0.00577726496061365	0.00581060629939203	0.0151336786617108	0.00922703504198214
A[T>C]T	0.00848151133005897	0.00125009482434415	0.0144163485181692	0.00308471580189481	0.0235689638546574	0.00211012695894657	0.000932687309587868	0.0186928183921712	0.021589534011084	0.00343493556324177	0.000254013795690134	0.021427352359407	0.000222226816869234	0.00219036517309674	0.00571517058819644	0.0427667364977493	0.00264554664271644	0.00469091545835848	0.013828913954934	0.00634780704311516	0.0162298774185354	0.00223639331830777	0.000270708696989048	0.00625106427151343	0.012393780275884	0.0336414349690657	0.00221714674259228	0.00286474285111918	0.0068606359639284	0
A[T>G]A	0.00161836969932349	3.15101785896966e-05	0.00222105194583371	0	0.00332482115428087	0	0	0.00401982278456256	0.0325748745119759	0	0	0.00114419850955186	0.000356975953519247	0	0	0.00497788311353378	4.98014073057362e-05	0.000366957208335581	0.00134613233490593	1.69808904747595e-06	0	0.00156245398650004	0	0	0.00502628771583948	7.72539336578156e-05	0.00108101558455939	0.00627504954835872	0	0.0050732819578837
A[T>G]C	0.00192213247185915	2.45391368398567e-05	0.00146179776054893	0.000201499438556984	0.00228026885279302	0.0018338375395831	0	0.000799104538298753	0.00524140451832058	0.00403877613842243	0	0.00100776597202969	0.000109791302035099	0.00206033433411734	0.000639986902468294	0.00424942530485442	0.00640737542805812	0.00126052000253336	0	0.000387748956129742	0.00313001426353262	0	0	0.0015107310725134	0	0.000165188905095779	0.000964211098561766	0.0173090709888473	0	0.00248245105002952
A[T>G]G	0.00150803950883102	0.0002727998155117	0.00912943342280582	0.00152641086544487	0.00562843379430804	0.000762686962188838	0.000906261278118041	0.00698217005685546	0.00539780500041713	0.00152973919553728	0.000100554979483335	0.00183218169604582	3.55233348351046e-05	0.000728353294876805	0.00129281810896129	0.00623371710350198	0.00348316958735433	0.00240355039531983	0.00102644485944932	0.00067646606778921	0.00163170239310008	0.00109736767828326	0	0.000883475330005197	0.00724989457021097	0.00128334943578346	6.8712613856064e-05	0.00693888159424681	0.00301976681469391	0.00641879368679955
A[T>G]T	0.00289415204011396	0.000182869102979668	0.00596983201564105	0.000171373100105267	0.00329862797123844	0.00266059486128046	0	0.00251748889998544	0.0168695549155434	0.011764654304103	0	0.00257128228312883	0.000159938103594052	0.0049064179877367	0.00263079281043963	0.00653978264351901	0.0260533512148525	0.000289248875218228	0.00146932210771173	0.000460114976111827	0.00154570261128908	0	0	0.000943891093566716	0	0.00159319119849895	0.000218937454600215	0.0765644734248921	0	0.00819175325644596
C[C>A]A	0.00702124341740735	0.000661108968801219	0.0185263062672728	0.045890254068564	0.00970250981762812	0.0107648752952918	0.00118203818906244	0.0315589980243364	0.0099512874280251	0.00309262438740382	0.000688558698002324	0.0134421627879782	0.00165067295316498	0.00569995494982431	0.0111712402785608	0.0158947508847128	0.00101042052755209	0.0880937051823915	0.0112458683140319	0.0174556879910062	0.00199521779935195	0.00449360501230469	0.000165397352994032	0.0648060274654926	0.0147406965800412	0.00370681471930886	0.00503182628767631	0.00120306936545429	0.0519171473626363	0
C[C>A]C	0.00801815499827586	0.000213924893445854	0.0159484526682824	0.0627024172108636	0.00509496011963525	0.0263512394548799	0.000606314406799037	0.0260295843517308	0.00593778442046648	0.000921094878226444	0.00171549013767832	0.0114406257813429	0.00114793718704416	0.0106507439343987	0.00908178443621437	0.0102554088013576	0.000423571661947223	0.0210147020035173	0.0163782867679918	0.0376164622720968	0.00143279720629998	0.00381428788549607	0.000758964047585837	0.0353099161017661	0.00797470187570972	0.00408480573203793	0.00227692780939681	0.000353084175057256	0.0267552541041008	0
C[C>A]G	0.000765444284164875	5.32126664923182e-06	0.00155975978854652	0.00705504908022373	0.00226198937762455	0.00781136357349744	0	0.000929081337125106	0	0.000562420772937475	0.000792210800872581	0.00224538720643394	0.000189813084411861	0.000737774662486079	0.00127316478351595	0.00177123878188956	0.000234461694927885	0.0137299360182043	0.00145561092548697	0.0100986159219967	0.00216931145461197	0.000716031215661767	0.000132571469891993	0.0184180595282129	0.00102204813656631	0.000653926389960342	0.000213073155157815	4.44876914465066e-05	0.0117899763130506	0.00181731310390806
C[C>A]T	0.00784118709671837	0.000416444634122529	0.0148854881753076	0.0440778904664625	0.0113208474407269	0.0623794089379896	0.00131253572170068	0.029357256928162	0.00947135477907297	0.0163607415009324	0.00141152470000745	0.00724621554752739	0.00124341154536047	0.131140305681065	0.0246290631631499	0.00860703175385704	3.15780870277721e-05	0.0383249210320689	0.0098801541814856	0.106463958782298	0.0057261913899146	0.00449467459059135	0.000743748024503402	0.0209922276000489	0.0127974678280708	0.0195191864503441	0.00315717726950078	0.000196993823698046	0.0417712138997148	0
C[C>G]A	0.00136785312818611	2.71023765946558e-05	0.0166036599098451	0.0104522270655081	0.0075590300536165	0	9.85031824218698e-05	0.00658470078062954	0.00182778748678012	0	0	0.00189185994793767	0.00514833507385155	0	0.00094850153308535	0.00399867946785228	0.00188394141434552	0.000454980705451457	0.000200819077036284	1.33764746331546e-05	9.97608899675976e-05	0.00057484263661259	0.000199844178699471	0.0137411754698939	0.00715600617387597	0.00127943902152895	0.00469959759317101	0.000106422691125639	0.00264468673769163	0
C[C>G]C	0.000766758890627738	0.000279963027791979	0.0136928480689115	0.00990575646490842	0.00785311479526921	0	0.000404209604532691	0.00620260948326794	0.00208343312998824	0	0.000201822369138626	0.00194082044504925	0.000903395415126277	0	0.000324349444150513	0.0051277044006788	0.000712211995150419	0.00372031715575086	0.00288422660065265	0.000564873245325103	0	0.000836220562964306	0.000292282760539806	0.016846591915934	0.00468813990683184	0.00124674482162023	0.00128579993582206	0.000152423287883589	0.00115152154028113	0
C[C>G]G	0.000434049006833613	1.50601074839111e-05	0.00331786910163523	0.00505077377334199	0.00211106213362137	0	0.000475991659240631	0.000525608524720971	0	0	0.000633768640698065	0	0.00022191999014022	0	0.000339510608937586	0.00225430390422308	2.77280256297978e-06	0.00432059585279355	0.00016173454727633	0	0	0.000303951514036105	0	0.000654861831840729	0.000659268502444818	0.000167426619553693	0.000288717012632295	0	0.00123627834545622	0.00260748765319835
C[C>G]T	0.00150738355242519	0.000312865511832144	0.0243120041174042	0.00959102246260989	0.00967992547416557	0.000218491800133063	0.000302892858854003	0.00795848720504286	0.00405915204817413	0	0.000201646385715351	0.00193912810426789	0.00631525919683688	0	0.00183637751655065	0.00819717309891147	0.000956765514396129	0.00561453007004515	0.000823346181790467	0.000124306581304903	0.000306760253031139	0.00178238840434297	0.000201468253967235	0.010857096609362	0.000200014645268525	0.00235503031112968	0.000272919598180242	0.00030709016921124	0.000144654820657078	0
C[C>T]A	0.0222440767140049	0.0146573240852675	0.014199296003412	0.0209044541310161	0.0228341769356305	0.00905954851583964	0.0742713995460898	0.00484053924710609	0.0099512874280251	0.00119714492415632	0.0304933137686744	0.0186198847507549	0.00352055472942985	0.00610709458909747	0.00537484202081698	0.0209930672062245	0.0208118671764822	0.00969330413469508	0.0439793778709461	0.0111955825830614	0.00339187025889832	0.00763603860558433	0.0608145555799139	0.00615383538392194	0.014244846560546	0.00659616142528912	0.0173240191168709	0.00452139288155083	0.00921646427725297	0.069265548218723
C[C>T]C	0.0202045907146099	0.00352093206040934	0.008646705556883	0.0147054528963589	0.0180138666730148	0.0108247830125855	0.101759767941105	0.00406194893607967	0.00718784429845942	0.00245625300860385	0.153183178176217	0.00960195378076996	0.000994423642654861	0.0174379827161234	0.00951425036174839	0.0100503006253304	0.00386266086197012	0.0057570992943418	0.0775650939389802	0.0187067409100345	0.00931318184094984	0.00720494604792525	0.191962603722874	0	0.00605240377452839	0.00668086282375548	0.00728166386275096	0.00279650041445797	0.00732200386349479	0.065321151238279
C[C>T]G	0.0819396580983172	0.00391347911361406	0.00279514613248466	0.00609299693292049	0.0103884742986265	0.0773410832936395	0.0165010441870086	0.00668084828937598	0.00621533608485913	0.00875769489288353	0.0106948458117798	0.00368885041057004	0.000100440703003789	0.0240186640120468	0.0131560360963315	0.00128817365955605	0.0103854799579998	0.0129345331222007	0.0192464111258832	0.0359081388684826	0.0255496682432077	0.00437656787918818	0.0122494132465222	0.00240145163300092	0.0092517384038095	0.00959042610441183	0.0060035093806777	0.0018943368771993	0.0161648001409972	0.0139066543682455
C[C>T]T	0.0186721105734601	0.00895895637752927	0.0162531143613799	0.020508462925368	0.0209996932860028	0.00950439330578826	0.0795598575923181	0.0192141255445102	0.0100958397095613	0.00439694927837558	0.0822717253718631	0.0209221716513115	0.000605268192790864	0.0194050094325204	0.0103701318581684	0.021620044048379	0.00967826268623857	0.00524194453348779	0.119282278086894	0.0142572868100239	0.00409013670708186	0.00422127047614609	0.160552140744925	0.00415026526454472	0.0138863033051207	0.00639609124938053	0.00727852959843176	0.00255801716393416	0.00169140105583539	0.0349953055215608
C[T>A]A	0.00132578918521842	0.000158893058793703	0.00786546221563981	0.00786285168473884	0.00532647317845013	0.000112250145588181	0	0.0125977998759045	0.00588186656238159	0	0.000414383260883818	0.00178272184804908	0.000289886861486484	0	0.00177588481602684	0.00568525102006275	3.10032776973669e-05	0.000430972293066713	0.0045471859068901	4.7651860710823e-05	0	0.090390876759876	0.000628641503221204	0.00297089655849912	0.027522307761186	0.00375176680344746	0.345894277555512	0.0027829808855713	0.0018776538024011	0.00557960601424668
C[T>A]C	0.00213762971948136	0.000477802571358802	0.0132446545973262	0.0116588628439016	0.00656994622436103	0.00292398173238536	0.00145509710012657	0.0187692242377719	0.00525004411134873	0.000105263828172251	0.00114169287722883	0.00903540264816453	0.00022639694517739	0.00365153939920693	0.00478164864482898	0.0135014449104527	0.0105576012325043	0.00260883743997595	0.00561519080668875	0.00465204780298709	0.00389471529952295	0.0559701074702119	0	0.00289882647933248	0.0165675422690123	0.0041178514462803	0.00294927830895674	0.0213043008132428	0.000408489505197174	0.00714287843237678
C[T>A]G	0.00163220375394305	0.000231707971795054	0.0116981019567909	0.0350821854274666	0.0108587705862926	0.00087865546230354	0.000710541254995637	0.0167678454112019	0.00533659650752112	0.000308409490618806	0.000608184259619778	0.003180812524314	0.000285425106639179	0.000209775318301505	0.0029322452321418	0.0133918615434678	0.00450507396078085	0.00564816719205373	0.00217287759922282	0.00116747151516152	0.00257004850772505	0.217011879765731	0.000179110219524063	0.00726153854029595	0.0643739412417341	0.00246380992512322	0.00450114759569608	0.0093720558502914	0.00370141169264553	0.00849240648434851
C[T>A]T	0.00246901215523569	0.000597084585014652	0.0172757830134419	0.0121835205662058	0.0104432991823909	0.0012477734431951	0.0018870273318248	0.0277898985155316	0.00745688952573943	0.000955571999678839	0.000418753397541541	0.00572248371543674	8.22298772018998e-07	0.00216655049525694	0.000785143412793287	0.0102137037762259	0.0325443637292148	0.00349992114930728	0.00235100241649473	0.0025503616622294	0.00106173403283662	0.0649905137653915	0.000489186834835989	0.00316344442502447	0.0387339851726572	0.00174153106671101	0.00574204336951475	0.0119903670306458	0.00239970590065957	0
C[T>C]A	0.00468243642187464	0.000561801874482852	0.00820172985045812	0.0054515771680856	0.0150385129269726	0.0069595090264672	0.00103740788695582	0.00542064639462635	0.0164692263746685	0.000525333105833895	0.000103595815220954	0.0327181892112538	4.34602754737835e-05	0.000643182071618864	0.00355176963205367	0.0153712342394289	0.00765515767113883	0.00020084972716485	0.006979401624529	0.0157290457499753	0.0230093162498388	0.00418919976144947	0	0.00198537980490842	0.00944891814510666	0.0399144168376167	0.00512570556097537	0.0224865259121418	0	0
C[T>C]C	0.00589969269767249	0.000403986692130253	0.015019953218938	0.00273090481028325	0.0132158821419703	0.00449843343443901	0.000831484057215183	0.0114801157971892	0.0126429633701867	0.00200001273527277	0.000415161046265027	0.0404491862737598	4.4108205808032e-05	0.00569210553405787	0.00556005656375462	0.0204631274424048	0.0409519891599298	0.00319395539889785	0.00741628974468326	0.0194560619583187	0.0105262575662783	0.00140943727943605	0	0.00479148413036528	0.011294987087217	0.022945679952557	0.00600049717339226	0.0470213584159884	0.00295686056710311	0
C[T>C]G	0.00769308841069969	0.000364064207391372	0.00856169416088218	0.0102579489553996	0.0193680455022136	0.0296546218527445	0.00101505893570805	0.00579996214648044	0.0161144286697697	0.00154204745309403	0.000101364043269963	0.0425818450835584	5.39837780874094e-05	0.00167820254641204	0.0139010144338574	0.019572720717376	0.0288533136886118	0.00265528562179491	0.00413881447471013	0.0767564448670044	0.0216912094051994	0.00279855450712293	0.000331801004005881	0	0.013672071209418	0.0486928134311048	0.00579576549154911	0.0393489923752347	0.00718296045148005	0
C[T>C]T	0.00760618014643195	0.000582559080520792	0.0125267290706536	0.00572095748326185	0.020336718945111	0.00374332032958531	0.004717568329562	0.0117737283940499	0.0297194872402658	0.00212349333261964	0.000942195144468467	0.0343349022926204	7.84800240230173e-07	0.00292484316859687	0.00392571706396643	0.0279812926369522	0.106106435156843	0.0013836433419525	0.00566377854882822	0.0117612006914816	0.021659374269867	0.00248425930219664	0	0.00173341488157796	0.00947772033459228	0.0220795501484293	0.004124065268503	0.00553651464815211	0.00326884215181427	0
C[T>G]A	0.000339344639922785	0.00011694503739515	0.00205087708318542	0	0.0021563426012914	0.000112250145588181	0	0.00253968324236475	0.0230996941358986	0.00231146566566914	0	0.00136325788380224	1.53444664970924e-05	0	0	0.000210564852594917	9.42797461970533e-05	6.37580708625117e-05	0	2.46118718443127e-05	0	0.00116538207944853	0	0	0	0.000100494817239875	0	0.0103984084503894	0.00118783859881053	0.0048563937809531
C[T>G]C	0.00235702989764084	2.27514148040421e-05	0.00606192321376247	0.00136545240514162	0.00368080967232681	0.00449843343443901	0.000831484057215183	0.00220032681284586	0.00685720047196569	0.00189474890710052	0.000103790261566257	0.00514807825302398	0.000150354107492358	0.00214796435247467	0.00211282149422676	0.00864936314575874	0.0204613236002572	0.00211070149403727	0.0011654169598788	0.00898440596828166	0.000526312878313913	0.00110944619578572	0.000201431880434536	0.00235119388800531	0.00302669671532075	0.00413668454665591	0.000399629669486895	0.0368416347255931	0	0.00631475369375652
C[T>G]G	0.0017546089685948	0.00022953191928352	0.0106370020000795	0.00471865651948381	0.00738635051126412	0.00549159663939713	0.000913553042137248	0.0067700161252943	0.0131845325479934	0.00380371705096528	0.00111500447596959	0.00461730850303645	4.5742625506285e-05	0.000524438295753763	0.000760211726851578	0.00690195941086416	0.0135643657562253	0.00543230686986468	0.00134511470428079	0.0159244100436069	0.000411207761236008	0.00426303981042508	0	0.000119684528043468	0.0120528366204985	0.00566641000150111	0.000412822228242629	0.0196451615574262	0.00225787961940863	0.00758250578959689
C[T>G]T	0.00312518887537171	6.97028200042129e-05	0.00915890826769666	0.0012713238851693	0.0122600525000632	0.00975531964679808	0.00136285307298458	0.00515264038769456	0.0550080691101648	0.0193237893268387	0.000942195144468467	0.00667623100134287	0.000476374479312447	0.00682463406005935	0.00504735051081398	0.0197890510664377	0.272330641863234	0.00247321261941821	0.00203041117788181	0.00233638659120694	0.00339754890507718	0.00171276782142032	0.000225283410990626	0.00274947745658869	0.00904384454207005	0.00722697028534918	0.00152154611056593	0.130358228288824	0.00122917868151064	0.00971066255094849
G[C>A]A	0.00853164647985242	0.000334435094219493	0.00931158943351646	0.036438548844541	0.0116105334641656	0.00249030512512652	0.000287690292537666	0.0229359480511562	0.0116651114721116	0.00135971287357239	0.000383051009621685	0.00601008705626894	0.000124145330683123	0.00178364981282327	0.00246241053620271	0.00934289624019595	0.00622683907982064	0.124365998333017	0.00312808568409653	0.00109150432320768	9.71211924763965e-05	0.00124843238290909	0.000342009412771053	0.0542738207205153	0.0130274706001823	0.0013392692813147	0.0104025357873042	0.00214160299421595	0.0767307009093702	0.00859620355839153
G[C>A]C	0.00547608587051901	0.000116671545480379	0.00955589805974444	0.0354852175100628	0.00828578346767715	0.00552294428480918	8.8004585347833e-05	0.0140621645036142	0.0083463397859239	0.00196084471701755	0.000878816025685287	0.00498171006683926	0.000650442767446503	0.0103667657854368	0.00932149909023347	0.00839536329344414	0.00113126660323405	0.0142684463015262	0.00278094054562371	0.00293597186914075	0.00338687330203496	0.00159681921882425	0.000509791608018687	0.100154584860774	0.00574295746054602	0.00175302124146093	0.0110432484037081	0.000394802024111547	0.0662785197084206	0.00832707033673857
G[C>A]G	0.000494932619638263	0.000131365831198812	0.000691388108616374	0.0170463947913204	0.00212522754781182	0.00168847281427202	0	0.00063857408427684	0	0.00015051598552327	0	0.00112671425643399	7.0501422930838e-05	0.000844623634478185	0.00103353699948664	0.00271485257236162	0.000947719361316046	0.00694098588466696	0	0.0028429192730364	0.000225771291853579	0.000248734368726875	0.000113167235619683	0.0357856337854491	0.000493368723006349	9.98272242196977e-06	0.00122128107319439	0	0.0132428276255635	0.000666101095936076
G[C>A]T	0.00490109726566753	0.000123770399523258	0.0124413215926456	0.0265182789499206	0.0106668003556551	0.00957443100664399	0.000101708290268132	0.0216335872638963	0.00891206227108124	0.00906471692859648	0.000609396942757503	0.00277590908447161	0.000549264557475827	0.0773512439807847	0.033624830142935	0.00650284261035721	0.00313643730503512	0.0737954270142923	0.00746472064303374	0.0134185504052912	0.00236915918866306	0.000529432039493532	0	0.0530909323256194	0.0107465994891479	0.00199847749451431	0.00760330162528922	0.00140166670042551	0.0621486636561623	0.00840810682744072
G[C>G]A	0.000623994317545978	4.25994426815168e-05	0.0114437487678423	0.00678377239127093	0.00542776241493647	0	0	0.00360718311932067	0.00108742564570532	0	0	0.00116324265605205	0.0012680689818075	0.000198183312535919	0.00225720965818582	0.00301697691089661	0.00123511890801344	0.000892600295989494	0.00195505355256033	0.00131021668060918	0.000388484769905586	0	0	0.00490864613197048	0.00403407905567547	0.00128599853850316	0.00137157887225541	8.17813498753132e-05	0.000261278999173655	0.00716350296532627
G[C>G]C	0.00227616420323111	1.26597098228863e-05	0.00865727910168554	0.00809311978299678	0.0048281929183815	0.00285669531972889	0.000352018341391332	0.0027077504696243	0.00263091145425862	0.000178258610637959	0.000175763205137057	0.000978550191700568	0.000680249738622253	9.09365419775161e-05	0.000470782782335024	0.0028579960147895	0.000228002170931059	0.000575111404085379	0	0.00162543354093854	0.00374338628119653	0	0.0001233366794751	0.00853542750311333	0.00212448110485266	0.00164923435630576	0.00119528431063945	9.67844255758474e-05	0.000852617413479287	0.00587276372794885
G[C>G]G	1.99579023399357e-07	2.99375622818328e-05	0.00124345778711773	0.00465584351128575	0.000832626018224477	0	0	0.000241056351696932	0	0	0	0	5.95574345510112e-05	0	0.000477017076686139	0	3.23191489035982e-06	0.00040639361299818	0	4.83117343176605e-07	0	0.000159964498255791	0	0.00432715220959033	0.000313512885374018	0.000154732940793088	0	0	0	0.00118420480616039
G[C>G]T	0.000978312103095794	0.000270480078010278	0.0182456825795639	0.00616704161626061	0.00625561707348726	0.00187086582888446	0	0.00593262065098655	0.00461330282267735	0.000412032587663476	0	0.000925303028157204	0.00267117927604071	0.000315290396660807	0.00195872796949136	0.00299337199524379	0.00183955446629888	0.00141072110839018	0	0.00128433644600849	0.00041202768498488	0.000549104812517569	0	0.00321708969626489	0.00204608863510772	0.001265738771885	0.00467817183168721	0.000169750475189843	0.00500165958131945	0
G[C>T]A	0.0258498774513405	0.00607167431557273	0.0154870245435463	0.00843125997200816	0.0195637038939	0.0677570519461507	0	0.00218999591564678	0.00612912636670269	0	0.024994078377815	0.0120201741125379	0.00275725126110924	0.0551940525412535	0.0488378089680205	0.0121652294794218	0.00197107952981928	0.0026115520645875	0.0365595014328782	0.0555411867111989	0.0158307543736526	0.00184170205942821	0.0520793808599392	0.023504682836329	0.00971172251450655	0.0093547587142278	0.0137483331794557	0.00339211913580001	0.0114425565165311	0.0471838651298252
G[C>T]C	0.0258315596827991	0.00174010207400638	0.00723401154116045	0.00711483057845871	0.0161474132653615	0.073607516071681	0.0184809629230449	0.0014368433576376	0.00625975483944292	0.0119433269127432	0.0856845625043155	0.00818423796695021	0.00216902601405718	0.0561987829421049	0.126640568448121	0.0082167385425198	0.000284593734886975	0.00372323655299596	0.0550805643552567	0.0488485457215308	0.0349382719578343	0.002849402844843	0.146135640677574	0.0145014935619304	0.00617408301890482	0.0174328364557969	0.0178785803832189	0.0015521469448373	0.00341200355488785	0.0440895691843023
G[C>T]G	0.0831699147471276	0.000223079086544483	0.000902555008552741	0.00172716775418665	0.00998148222011653	0.107660242776678	0.00014861662891672	0.00871033661942123	0.00674097963765613	0.0203196580456415	0.00667840244875932	0.00172762852653211	0.0023339589219852	0.0750947195017877	0.145410705543158	0.000678713143090406	0.00554539165312532	0.00890688183596451	0.0210575051431516	0.00348027493077673	0.001429884848406	0.00245919351102347	0.00988125517001672	0.00972854911640846	0.00784795419581731	0.0169799007272236	0.00702094638943014	0.00170039704928559	0.0149958295638211	0.0118418223411376
G[C>T]T	0.0194434033230795	0.00329076682398568	0.0108079250832113	0.00842829020888951	0.0201949619423307	0.0576666879020857	0.0163750347331692	0.00645572563550365	0.010589626933873	0.0156572383312121	0.0530175340199028	0.0118233164708976	0.00168209833836466	0.0583287233822493	0.0870545764218382	0.0119734879809752	0.000935441170219552	0.00196062906583715	0.0950715115230824	0.0514256257010582	0.0170991489268725	0.00113612813175772	0.111534888009734	0.0190868821913525	0.0100803835542494	0.0178752764394348	0.00778513901960054	0.00110983925296578	0.00600745861201209	0.0194500226096465
G[T>A]A	0.000743356398438782	0.000113691635312823	0.00443179031366949	0.00695860447235223	0.00684819021114365	0	0	0.00820299979060136	0.00308622776303503	0	0.000298963182389563	0.00151314367020412	0.000134911870722592	0	0	0.00303830508485792	8.47309472018053e-06	0.00188557250774288	0.00264485485318012	0.000166014617099352	0	0.0537420930759073	0	0.00229850154088748	0.0364641535672818	0.00227286612725841	0.110560729142358	0.000575207178365973	0.00299776170716042	0.00377707281183902
G[T>A]C	0.000655020867890327	0.00031944388125953	0.00617004871940402	0.00576600375221747	0.00449249853363776	0.00332428079790338	0	0.00876539578900727	0.00328022196836093	0.000111126470964585	0.00032871250329626	0.00432565650134828	0.000271886141470488	0.00283449336767475	0.00446098912624261	0.00445418891712677	0.00280551173940769	0.00166957517090615	0	0.00425109938122496	0.0157797711149616	0.0104400709574699	0.000204888540430686	0.00551203650522452	0.00647267519887019	0.00580198491433688	2.59561299015708e-05	0.00362863221895004	0	0.00371574392221229
G[T>A]G	0.00137642696150002	9.32769425557483e-05	0.0085759334649072	0.0142632453548329	0.00736222640479109	0.000688947383305311	0.000636720286992445	0.00970694913524055	0.00306308043452696	0	0.000423886997763634	0.00203815007018653	0.00015964199032223	0	0.00295199794588803	0.005492549160338	0.00373119047333212	0.00160945184899572	0.00173078103969578	0.000896420768784186	0.00333172527831162	0.05351497391359	0	0.000215032692799207	0.0409419938280791	0.00146352087414572	0.00167595136985604	0.0023879019147571	0.000580564927113772	0.00539048499713019
G[T>A]T	0.00232043458422962	0.000217818858116315	0.0088565337930039	0.00463411391723039	0.00529212619860172	0.00231548290567192	0.00101902518313159	0.018331236370015	0.00378172853434269	0.000412819428969907	0.000101760113745593	0.00319324125040616	0.000122569551709888	0.00094767748041945	0.00468811912260804	0.0034127556652313	0.00392732645640689	0.00370726032696755	0.00540148245444132	0.00197523275344093	0.00423134879852093	0.0108321091775442	0	0	0.0207341884966361	0.00260051698258585	0	0.00213843869735257	0	0.00659725134302578
G[T>C]A	0.0121301005484621	4.62090984485313e-06	0.00684543369084512	0.00615180975092009	0.0165555968487515	0.0131734941950868	0.000199587703846174	0.00576563649720117	0.00936155754787292	0.00646843146136872	0.000996543941298543	0.0578020882017973	0.00103078901191669	0.00804324917790859	0.0208201408622176	0.0163055706220709	1.13044824579398e-05	0.00053198687775147	0.00396728227977018	0.00251298437238055	0.144123023592345	0.00422004127155116	0.000255475960167357	0.00131162020103897	0.0176087892983564	0.0993634509343635	0.00480820805151854	0.00381243777388157	0.00725454903188198	0
G[T>C]C	0.00829993913105191	0.000202263680759035	0.00687910095056447	0.0017741550006823	0.0106956776091763	0.00700473453843926	0.000109724169434582	0.00574127760939641	0.0109717769286555	0.0112237735674231	0.00175313335091339	0.0303905097787033	0.000569754720178418	0.0143992263077877	0.0585798308946069	0.0110241175698888	0.0105285315572933	0.00251947007937203	0.00335543064081757	0.00175186802115205	0.0738982238834469	0	0.000601924159984285	0.0076213686873956	0.00447844096046669	0.0448204127435287	0.00217442488083841	0.00810960657422478	0.00799952410905501	0.00732216531431673
G[T>C]G	0.00570832195753935	5.20463156538384e-07	0.00648100386253373	0.00450418274363144	0.0152378856666991	0.0132048248466851	0.000318360143496222	0.00540228220424827	0.0102831986016262	0.00580371954189109	0.00201346323937726	0.0439811330934988	0.000655233182335099	0.00899175414540095	0.0174849109102598	0.0159391622692161	0.00490712428184294	0.00627698874886782	0.00649042889885919	0.0295891825430182	0.09500790793637	0.00156934347012662	0	0.00030502537103582	0.0143487908600474	0.0480835580177515	0.00131552237641193	0.00913106124815612	0.00613936630307122	0.00845573437447253
G[T>C]T	0.0117472285996756	0.000584131566435238	0.0076628441923282	0.00247152742252288	0.01625378222153	0.00463096581134383	0.00825410398336589	0.00873554273518303	0.0132360498701994	0.0127974022980671	0.00234048261614865	0.0417181518198224	0.000675218327290718	0.00905558481289697	0.0102484464540734	0.0146851910443286	0.00825074051620198	0.00489872968815473	0.0102835915959556	0.00155697856759413	0.103513240119915	0.00159500576167901	0.00103424796787984	0.00447075591802581	0.0145572403069433	0.0574592896956745	0.00385109591344724	0.000434438201808592	0.0117401197583818	0.00872864878422573
G[T>G]A	0.000106813963115774	9.44700407484159e-05	0.004141691640781	0	0.00165369662485114	0	0	0.000982220561797451	0.00740694663128407	0	0	0	1.80812835194505e-05	0	0	0	3.88608756741324e-05	0.00134878466696849	0	3.64244251907743e-06	0	0	0	0	0.00558395224453062	3.78930498306114e-05	0	0	0	0.00328003104722061
G[T>G]C	0.00023995553001053	5.10941188361615e-05	0.00494663040745329	0	0.000366110506416189	0.00189958902737336	0	0.000581570409305325	0.00067866661414364	0.0022225294192917	0	0.000443657077061362	0.000100396348691578	0.00215421495943281	0.00258267791519309	0.00356335113370141	0.00989704968506396	1.01749242962238e-06	0	0.00316727754817567	0.000666750892181476	0	0	0.00121939389257725	0	0.00274172961835196	5.6205005155433e-05	0	0	0.00207646147125572
G[T>G]G	0.00136280790759766	0.000115570087442896	0.0174187893162791	0.0019303640329849	0.00642716990642513	0.00114824563884218	0.00180404081314526	0.00652443380375341	0.00546978649022671	0.000967286590315182	0.00105971749440908	0.00117998161958167	1.10012475138902e-05	0.00131586646030258	0.00420092015376373	0.000861576338876548	0.00504276373488436	0.0103653243605166	0.00465147404418242	0.00295788356828408	0.000429900035911176	0.00199783932426994	0.00020240783409851	0.0032126577361976	0.0092986469243674	0.000880621727159291	0.00507613015969571	0.00467832245043065	0.00396078101279909	0.00359369248169154
G[T>G]T	0.00088177763425277	8.73042104097563e-05	0.00721169975466183	0.000205960618543573	0.00343136986361109	0.00385913817611986	0.000917122664818432	0.00558557369273719	0.0194338827459277	0.0030961457172743	0	0.00329624903267733	5.36641494784127e-05	0.00400130491732657	0.0207149449603611	0.00455034088697506	0.0642886772280123	0.00296758781357438	0.00259686656463525	0.00369801081359287	0.000825629033857743	0	0	0.000870315530795372	0.00284630190792633	0.00810600621202099	0.00236218845027479	0.0337093788758494	0.00645738229564661	0.00578522162611415
T[C>A]A	0.012750742614742	0.0144350832846835	0.011239698857244	0.0321209717095877	0.0144874243843683	0.00177170637962064	0.000963175573289526	0.0262952998863013	0.0220425262867717	0.0364831461436544	0.000865646617626684	0.00642590818302387	0.0454609378823696	0.000497632342712458	0.00587388692197226	0.0119253636249863	0.00174604079427787	0.0650939052924218	0.00500726233899655	0.000676070798078908	9.75473583938551e-05	0.00391289570485971	0.00203342063283776	0.0313566527644267	0.00674200710183429	0.00262127835004683	0.00687676958964881	0.000781121585391574	0.0265569742646504	0
T[C>A]C	0.0126265969066609	0.00677440835303728	0.0174073271222268	0.0569108736512968	0.0128345990334206	0.00328457412607841	0.00209350353075117	0.019123402305867	0.00463996912212283	0.0109193339233645	0.00261322243236125	0.0104752408406952	0.0177755514483475	0.0179549799467811	0.00694353545496129	0.0154034514403249	0.00133798385987072	0.0441544051391591	0.00672216178663066	0.00433200950385243	0.000530058446445878	0.00287554721276766	0.000743001493315421	0.0677603863658454	0.0108209171764443	0.00215950420487291	0.00661786350850096	0.000907313348573245	0.0339198379413241	0
T[C>A]G	0.00222018173902355	0.00148166265958742	0.00122710123820403	0.00948906563678576	0.00358703474546482	0.00107461002845801	0.000180572176233173	0.00154542130868858	0	0.00283463895366139	9.0159917031237e-05	0.00173404178184012	0.00202883440720456	0	0.0024149386990276	0.00366511129801164	0.00194921684528334	0.0137919552771514	0.00165660150211427	0.000921739943495175	0	0.000464545889255448	9.1466121148853e-05	0.0119647834461167	0	0.000243022772177769	0.00131704289823958	0	0.0115706639943045	0.00152869670425352
T[C>A]T	0.0180436501450211	0.0134364759362691	0.0178912973558735	0.0409142630873292	0.0203234092458381	0.00686703238510779	0.00142248300615468	0.0421490618626846	0.0363213965740044	0.341658696615521	0.000437075429171459	0.00541982089141453	0.0199809114889673	0.0583427062845665	0.016975282192253	0.0174345092147893	0.00544920822249878	0.129949189625701	0.0097039309216639	0.0136460680644063	0.000443275551474873	0.0039559423713847	0.000231343106092631	0.0343162044900797	0.0271853001037083	0.00335250009462753	0.0108217518298171	0.00228518365230465	0.0462261536806941	0
T[C>G]A	0.0019514813337032	0.0355373873850369	0.015472160520203	0.00311476089305093	0.00262904882062315	0	0.000192635114657905	0.00400559798069413	0.00327659174533093	0	9.6182957514076e-05	0.00233669388473595	0.264496342198369	0	0.000927455829785093	0.00488744410860092	0.000375785989720257	0.00174957022587632	0.000490908072450642	2.38667625742968e-05	0.00019509471678771	0.000217769210819899	0.000226392725423488	0.010190111466136	0.00952171733622029	0.00410973299871481	0.0027883200993451	0.000524877169182039	0.00081015112915116	0
T[C>G]C	0.00233864248276933	2.01323422208956e-05	0.0211212746692059	0.0111071407683758	0.00844457828754476	0.000226522353522649	0.00104675176537559	0.00401675723649379	0.00269765646635048	0	0.00114981787023895	0.00285688386564416	0.0655294415597309	0	0.00291180519079022	0.00679876477366065	0.000681828954836257	0.00829220442852465	0.00117371078814186	0.000162252833301575	0.000318035067867527	0.000659851591250713	0.00017687850505696	0.00821117633890975	0.0034495908691118	0.00298446639217889	0.00328102716628453	0.000730108751663749	0.000476600510924222	0
T[C>G]G	0.000297485407126275	0.00145394284385441	0.00228552350491718	0.00282847148788806	0.00121248867081371	0	0.00027085826434976	2.3390937999178e-05	0	0	0.000270479751093711	0	0.00843017625132676	0	0	0	1.22370141054882e-05	0.00137645340138895	0	0	0	0.000358317437683887	0	0.00148848628397366	0.00187407774992389	5.68152737235107e-09	1.16646974295165e-05	0	0.000132638490949596	0.00179847208843318
T[C>G]T	0.0037266875293461	0.0725016850839159	0.035801757871961	0.0055289544712607	0.00740217665781445	0.000118397110088065	0.000765952387929442	0.00690402046810426	0.00552716904387024	0.000110820206492222	0.000874150858342919	0.00165912884431057	0.35408394429998	0.000113067260241408	0.00175606367506066	0.018767083167512	0.00310100430226918	0.00393239303032345	0.0117116407675254	0.000762204862934348	0.000332456663606155	0.000282379320094755	0.00048955940213864	0.00690989555848365	0.0181055672434492	0.00891061049489818	0.00235121723012339	0.00142478982370658	0.00153671720890867	0
T[C>T]A	0.0150844140421247	0.400721740045508	0.00856508618124446	0.00340676972677445	0.0107842255573563	0.00771213365246632	0.115773703909401	0.00698487559794558	0.00496453294747111	0.00360929520672517	0.029047253169251	0.0134359898372317	0.107448473506718	0.00915643510590923	0.0115416725484367	0.0168128077335872	0.0154079085031877	0.0144814032024998	0.021403591958848	0.0105200337494079	0.00624303093720673	0.00194766372178787	0.014292438861457	0.0264919618483689	0.0107643623537419	0.0110553641835195	0.0182211784710468	0.00767352591403014	0.0119250635409011	0.0828860560245195
T[C>T]C	0.0200003078999688	0.0850081598268357	0.0141817842033006	0.00740476051225051	0.0220011305797482	0.00758849884300873	0.302197234663932	0.00429307572879767	0.00906412572693762	0.0223687326002903	0.166096417800881	0.0100519987865257	0.0154115190188525	0.0306099959333678	0.0174708311447413	0.0139162216460867	0.0174512458807407	0.0105065548907677	0.0352113236442558	0.00872705446115907	0.0091170052788691	0.00208949507050256	0.0464213864243761	0.0130623692669866	0.0068102341716368	0.0114876924727662	0.0084340426631211	0.00559799723458238	0	0.0957080649111807
T[C>T]G	0.0741547196983796	0.0426846496050467	0.00154188661275405	0.00100365117312157	0.0069256704539764	0.038197501920644	0.089563799411654	0.00504703517894994	0.00437443157081848	0.19577296773513	0.00721279336249896	0.000912653569389535	0.00539873398866839	0.0087696411874177	0.0100461449879548	0.00329860016821048	0.0145967279894629	0.0105058151781422	0.00828300751057136	0.0213275832182012	0.0115212986562928	0.00135653914661808	0.00253309337708532	0.00501237901595084	0.0128283004905231	0.00950221409925657	0.00419690879422574	0.00181001295019507	0.0146527222766733	0.0138485001939867
T[C>T]T	0.0162729998635707	0.247896856782788	0.0112909437474457	0.00851458988574148	0.0131314045639728	0.00556466417413907	0.0923519736303499	0.0134919483917556	0.010828739351256	0.0434415209449511	0.104242489857393	0.00995477306586343	0.0301737960133691	0.0258924025952824	0.00889738928697401	0.0214322310729575	0.0215556477786818	0.00595080045953045	0.0297810293802789	0.0106454793738662	0.00709240882359798	0.00129708062229008	0.0271334501325995	0.00626630077376013	0.0137093275861231	0.00805477314609182	0.0131112442564679	0.00708307460430824	0.015101807069009	0.0504599921887267
T[T>A]A	0.00537210489266032	7.10161925693951e-05	0.00634028295226208	0.00403677477138184	0.00831943325643571	0.000192096783695663	0.000887672427596875	0.0135727182195378	0.0196740659574214	0	0.000265929582594291	0.00511461215171747	0.000350777081887867	0	0.00075978022029541	0.00765734113778954	0.000616317456998775	0.00417043818292175	0.00352892189687182	0.000836934211601845	0.00242731727887984	0.0363234609575349	0	0	0.0195502937232813	0.000566207457515708	0.0472814200985796	0.000188565651901567	0.00108405494035866	0.00689616368875836
T[T>A]C	0.00219639828279479	4.83772887713179e-06	0.00926760238696417	0.00472624809504862	0.00707517115443922	0.000880069080631123	0.00152503800862912	0.0124174298170634	0.00282980236831161	0.000823748461177958	0	0.0135658952750823	0.000768941976670282	0.00168090251013933	0.00206675156703047	0.00897666464489397	0.00260550748922067	0.00264080401322873	0.00497456781083907	0.000734274847944569	0.00463352996018966	0.0260669011646405	0	0.00841291910912594	0.00349328790395988	0.00523819394553679	4.82863310039823e-05	0.0108189278720001	0.00175387235826625	0.00668334026609209
T[T>A]G	0.00114435795513256	6.41022707616094e-05	0.00638722851950535	0.00805008888133038	0.0070657592388181	0	0.000971443503171078	0.0082043548115839	0.0140200162391573	0	0	0.00363332621532196	0.000233410124586898	0	0.00062361142683176	0.0062110415869953	2.03977856789094e-05	0.00197380731746107	0.0051492692474333	9.60975742039848e-05	0	0.0680325535164846	0.00022924372717137	0.0112643160508703	0.00998842011936402	1.98657555706853e-05	0	0.0033003794419375	0.00242882971024449	0.00358000372232603
T[T>A]T	0.00364753604526798	0.000232096116367961	0.0124908518839772	0.00385562730399765	0.00883967770128549	0.000642168008275471	0.00423919371612205	0.0236781899470681	0.0121487331143615	0.00240428811908848	0.000677323138831954	0.00805612566816528	0.000133218101040221	0.00105130235873951	0.00027213210375051	0.00688350425077927	0.00327104445159708	0.00240766796578108	0.00734610097096254	0.00200027566237337	0.000686931288866036	0.020044827591136	0	0.000237461451059327	0.0124264075246128	0.00106373218897849	0.00165009382044428	0.0146155058661058	0	0
T[T>C]A	0.00774484110254121	8.96424109925654e-05	0.00810281788428987	0.00251177096885981	0.0154173512588468	0.00566685511902205	0.00204164658347281	0.00439371802587064	0.0142751362295709	0.00269705129033267	0.000177286388396194	0.0448650188747146	0.000682011653972704	0.00165104294486153	0.00645813187251098	0.0221612461164262	0.0015068879013859	0.000270354527155388	0.00470522919582909	0.00519083169691901	0.0349713489438614	0.00427551483504129	0	0.00154575267979607	0.0129990478856589	0.0259508953807577	0.0015407319962416	0.0092127283517613	0.0104643282857553	0
T[T>C]C	0.0053368287549734	0.000473754616758493	0.0111521073978599	0.00164391238088648	0.0146937839916029	0.00385030222776116	0.00183004561035494	0.00624386571873904	0.0143586268318033	0.00998795009178274	0.000913744098536644	0.0351480013945313	0.000132480195237261	0.00588315878548765	0.0107688634282114	0.0188819497702942	0.0111864190251091	0.00641292661622735	0.00207273658784961	0.01164777078538	0.0322287750564303	0.000929869052357744	0.000238971668802328	0.00246735086919378	0.00759658295736689	0.037826976383793	0.00357772108824094	0.030828432758699	0.00373589476282372	0.00941743401131158
T[T>C]G	0.00874011521787458	0.000185126240408547	0.00594671863748374	0.00353418536253529	0.0124581813461574	0.0111419391152429	0.00184574265602505	0.00168009014105887	0.00981401136741011	0.00639508211575977	0.000679060165651852	0.031423361862244	3.56048354186292e-05	0.00341294743551749	0.00405347427440644	0.0162670136802258	0.00572545603747524	0.00150845585295496	0.00564439129045573	0.0235457336842101	0.0244977923003731	0.00173549501777363	0.000237153153781388	0.000483945259795626	0.00479503109641072	0.0188845251483302	0.00112948042856445	0.0159242365677291	0.00168740049847722	0.00590214703138948
T[T>C]T	0.00573295346534339	0.000491657874356891	0.00914759378382902	0.00188497334862107	0.0149978394237472	0.00266041031999838	0.00203481298373858	0.0085654669736135	0.0270068959160987	0.00850087584963428	0.000423326961769971	0.0317959853498863	0.000149300111185474	0.00227782177726894	0.00426340295875799	0.0149716217454449	0.00607200871815332	0.00115980714255944	0.00328413925760678	0.00466475508289652	0.0235273966436617	0	0	0.000314312704125102	0.0145539168814415	0.0198634835414152	0.00130651390909748	0.0153233387714748	0.00330274006351409	0
T[T>G]A	0.00134064231537644	6.30876559706294e-05	0.00482425640712251	0	0.00470200648428984	0.000864435526630482	0	0.00156276474392017	0.0459366563284909	0.00449508548388779	0	0.00170487071723916	0.000475444526158172	0	0	0.00612587291023163	0.000117661504125983	3.24800831920667e-05	0.00289552565897175	2.43641584911257e-07	0	0.00147009743339991	0	0	0.00186408293986884	7.69335404550413e-06	0.00106446756377487	0.00871181040007902	0	0.00778031719873302
T[T>G]C	0.00141923782235454	1.43850258945094e-05	0.00627178067771139	0.000308233571416214	0.00531165702516882	0.00209016406649892	0.00101669200575275	0.00261812506965544	0.00848940710493483	0.00947310730354651	0	0.00277484221535774	0.000234471547509934	0.00157584610325562	0.000435105593059046	0.00711942368388142	0.00971080290792764	0.00331241936325776	0.00186546292906465	0.000391119872602115	0.00185341198407586	0	0	0	0.000593871284381093	0.00280661660007183	0.000287405419907578	0.0320042832707838	0	0.0044556288068297
T[T>G]G	0.00213223753397569	0.000198851330860809	0.0107751721273391	0.00294515446877941	0.00598876222460321	0.00115623896478935	0.000971443503171078	0.0059163200132087	0.00881258163604173	0.00216448933148792	0.000291025785279365	0.00108017806401464	4.56000086836734e-07	0.00020076161385397	0.000935417140247641	0.00483081012321856	0.00436499445758052	0.000738538290399731	0.00108926849464935	0.000510609986379501	0.000295154124100881	0.00250598237168172	0.00024506258138155	0.00136805572028682	0.00924128748031717	0.0013506253404103	0.00230536333186184	0.0128939038434013	0.000352256328300978	0.00812750158172205
T[T>G]T	0.0036925279289177	1.98217029134197e-05	0.0110380555678838	0.000942486674310536	0.0115406356789861	0.0066051566565477	0.00118697424051417	0.00618556342776394	0.0476335219232161	0.0543540849779646	0.000253996177061983	0.00274251086575839	0.00055713592750101	0.00219021324737398	0.00299345314125561	0.0140251399109628	0.0488916737205771	0.0018163701314642	0.00112352132497074	0.00053230556248432	0.000257599233324764	0	0	6.10074383788976e-05	0.00673147351342258	0.00221097597811965	0.000119335007245631	0.207063287942358	0.0053063793598584	0
