Type	Signature_1	Signature_2	Signature_3	Signature_4	Signature_5	Signature_6	Signature_7	Signature_8	Signature_9	Signature_10	Signature_11	Signature_12	Signature_13	Signature_14	Signature_15	Signature_16	Signature_17	Signature_18	Signature_19	Signature_20	Signature_21	Signature_22	Signature_23	Signature_24	Signature_25	Signature_26	Signature_27	Signature_28	Signature_29	Signature_30
A[C>A]A	0.0134218817710392	0.000756878852627291	0.0248462684859156	0.0412774453482275	0.0170228384344647	0.00205849672744837	0.000447610557940739	0.0414969157348616	0.0138431070202168	0.000793331949270901	0.00022349689755819	0.00871010339887067	0.000367084400184261	0.00011563542865238	0.00155650762618156	0.0182844062595667	0.00203687890597086	0.0569757798654603	0.0122056949692435	0.00134657072942397	0.000113333597807448	0.00168763708591028	0.000517105241264271	0.0331819797163381	0.0111733426723339	0.00231789494481906	0.00587505478004623	0.00163448829494904	0.0802878719931215	0
A[C>A]C	0.00991442512837763	0.000615005391167069	0.0179447483607716	0.0313112378282589	0.00914767454963672	0.00303795335770806	0.00050133975648221	0.0336662186623145	0.00692546508293384	0.00101549716556363	0.00100129792033357	0.00476378611532685	0.000637420346046751	0.00435173074046562	0.00429130816333564	0.00987071315521957	0.000340943345945816	0.0110514177112089	0.0075636646503128	0.00226136706570049	0.000710850914888258	0.00246421148363139	0.000374875274483817	0.0209810011591364	0.00708016066676175	0.00151423089289526	0.00479155628240408	0.000961233771657971	0.0566956274527287	0
A[C>A]G	0.00144345428348385	8.8163482685686e-05	0.00191940790239661	0.0165772061252808	0.00201486277101858	0.000484966304864571	0	0.00228608288636872	0.000462021978986974	0.000272344406905921	0	0.00154035849529245	3.35049764608844e-05	0.000463128193769981	0	0.00200132660306642	1.40376273467152e-06	0.00206631218650895	0.000456866211744791	1.47804428177154e-07	0	0	0	0.0190014783789793	0.00130987978091311	0.000258456461788076	0.000707576453447739	0	0.0164009427594144	0.00178554786340805
A[C>A]T	0.0067043135208653	0.000319322991835295	0.0162086870738835	0.0244380083012133	0.00932802399864032	0.00204594732546511	0.000398052090971809	0.0337673417609492	0.00697590938910539	0.00927223264537426	0.00019875180739264	0.00462732501788054	0.000825626947146986	0.0304384275823811	0.00606907275854574	0.00888745154989759	0.00314380875799192	0.0194744910647672	0.0075067169782031	0.00305267211025834	0.00060471329084135	0.000920437939827851	0	0.0253405292633067	0.00498638078522174	0.000604164370181969	0.00272814004699766	0.000534014305280485	0.0273473011883585	0
A[C>G]A	0.00217814167187961	0.000292106089226548	0.026897310583193	0.0109696224624057	0.0132967427292661	0.00157414455628405	0	0.00944450267040721	0.00553724280808672	0.000566665678050644	0.000782239141453666	0.00350666500474014	0.00413972975884986	0.00011563542865238	0.00131704491446132	0.0054512515556472	0.00184751899679289	0.00171016971899106	0.00661617110482356	0.00079546241610762	0.000566667989037242	0.000592041213539314	0	0.0138920922497471	0.009068680890407	0.00144643803690433	0.00149444663322372	0.000298484070540503	0.0106718241900097	0
A[C>G]C	0.00279672875113757	0.000268078075088544	0.0122100242424221	0.00547186680493845	0.00744406467805394	0.00130198001044631	0	0.0043608479877435	0.00237739846130565	0.00030464914966909	0.00030038937610007	0.00152035727084899	0.000904763038817235	0	0.000107282704083391	0.00244223830644608	0.00162075525752533	0.00252427366167232	0.00194202200481004	0.00210574044100569	0.00081240104558658	0	0	0.00874452682929248	0.00165495803011417	0.001556010326042	0.00179101772492195	0.000281812299951331	0.00357639942640598	0
A[C>G]G	0.000574010423596812	0.000194688037579321	0.00473530103246554	0.00280816060045741	0.00210246534882205	0	0	0.000529052337428101	0	0	0	0	1.74711615947591e-05	0	0.000575439211563682	0	2.29787888736905e-05	0.00236111019566526	0	1.16412365873801e-05	0	0	0	0	0	0.000279665505462358	0	0	0.000141920638501901	0.00437469664089197
A[C>G]T	0.00318765787102364	0.000602355930675119	0.0231968564543835	0.00543066851138074	0.0118501122322624	0.00193826588728273	9.95130227429524e-05	0.00867828691928006	0.00389830230567654	0.00020157027489944	0.000894383133266879	0.00251485055319595	0.00376473202089531	0.000102832525616152	0.00106474960676241	0.0073725450357105	0.00131352644624213	0.00399334589131893	0.00730383273554896	0.000861186709263994	0.00181413987252405	0.000298800744728516	0	0.0039982001115182	0.00344212865398865	0.00252457181861194	0.00132753607116014	0.000320046651860651	0.00405728872509024	0
A[C>T]A	0.0356937220176897	0.00825002067158589	0.020027539621366	0.0135706669638008	0.0248812886541755	0.0377794693508172	0	0.0204180978648479	0.010728407940668	0	0.0251434009752964	0.0136873053410825	0.00162312054533193	0.0338811805951473	0.014008568635634	0.0153316450002578	0.0103960771151776	0.00431308572686087	0.0252098933476898	0.0374975633380735	0.00578001348817987	0.00349336839519421	0.0225465054953633	0.00731555712107228	0.0236947909012857	0.00671268022726673	0.0154880588198633	0.00635553408428283	0.00596258918558978	0.0737850414898789
A[C>T]C	0.0155204410130876	0.00270824948338801	0.00893240808048946	0.00759981500685896	0.0130219585690078	0.0176852284752291	0.0197527864053991	0.00572147718747675	0.00578844842752679	0.00324959092980363	0.110042641444659	0.00547328617505638	3.98021205873447e-05	0.0332596563735587	0.0181307769900931	0.00773375463707925	0.00420833816748149	0.00249036095837058	0.0207489719461284	0.0226964922614782	0.006296108103296	0.00153307276652589	0.0836831089739742	0.00399007025374265	0.0132938058094077	0.0108198754635949	0.00548535669995353	0.00190259719275285	0.0092276490827675	0.0552277516217837
A[C>T]G	0.166277034247658	0.00295013609757188	0.00320692025973364	0.00253640312299379	0.0152952047937961	0.0880698809634061	8.96356210321367e-05	0.0174400790409438	0.0115505494746744	0.0114384650900487	0.00644487206850303	0.00172157714179744	0.000278086509440799	0.0459423168219821	0.0296351193955296	0.00318392868669657	0.00821940123974917	0.00764362831764875	0.0336253531844166	0.0316028527506731	0.0232401508340045	0.00325863732701263	0.00845000153642915	0.002886236288931	0.0177791587617663	0.0181412234338813	0.00606276233018713	0.00508923155832168	0.0290754654672387	0.0185701334338809
A[C>T]T	0.0135763914113626	0.00327960893029916	0.0147462476993641	0.00593350818836044	0.0166947255283533	0.0160445342891737	0.00427905997794695	0.0209104924247945	0.00779660461135308	0.00473690146013685	0.0635012024619484	0.00673979948256513	0	0.0284846095956742	0.00702734740463191	0.0102003705288597	0.00567127866118932	0.00562028514353576	0.0269836042730003	0.0190989873704312	0.00302356645420675	0	0.033685189976951	0.0035233620768694	0.00575137516616071	0.0114539439583202	0.00449191052056472	0.00169459729732759	0.00486621492447664	0.0221032251996552
A[T>A]A	0.00409923304269957	1.23697289819861e-07	0.00796086531730998	0.00457527917471641	0.00854918101014132	0.000612362975932211	0.000943184696445032	0.0127310676470272	0.0117650591702396	0	0.000188377016350661	0.00552989638678204	0.00114942212976145	0	0.00211925692198122	0.00775347552234579	0.000574452100401332	0.00288613849921824	0.0010576155677989	0.000552501129655221	0.00792853929948013	0.0469264105956665	0	0.00113912549998285	0.0194413185138149	0.00427109191901601	0.136101611528055	0.000950377990296673	0	0.00723368379639131
A[T>A]C	0.00255489934194591	0.000111685515919557	0.0073613951921188	0.00392956488073664	0.00751071381778238	0.00356020585055666	0.000797609333956582	0.012517274984917	0.00431679605300029	0.000201951373142484	9.9563788454221e-05	0.00655097364465326	0.00103562509104879	0.00082421556500836	0.00960086405206699	0.00738648391613952	0.0018609149646546	0.000814809560228394	0.00538659736638023	0.00200451647883783	0.0294850207246769	0.0116632705536831	0	1.56592666171697e-05	0.00894492029547668	0.0129818276511705	0.00147219452341682	0.0035073585367669	0.00311720855837386	0.00377363429643587
A[T>A]G	0.00305888751859201	0.000531644806366003	0.00741872733698182	0.0101760819294156	0.0117977403726996	0	0.000906240544404441	0.0142745062374209	0.00705865395329392	0	0.00070388253839504	0.00468221191084409	0.000101193075674162	0	0.000969641195383263	0.00817533620065841	0.00108784013489357	0.00456844487919211	0.0046190418461334	0.000195710598251435	0.00275348736675511	0.0685709491691602	0.000243674637861253	0.00660041464051835	0.0063411869411298	0.00119874757818215	0.00124534445934166	0.0018794518296535	0.0040364453865992	0.00671964307582638
A[T>A]T	0.00766132272740374	0.000125255012817512	0.00743272608415855	0.00257060601224303	0.00966276443645972	0.00486263248133904	0.00296758175599852	0.0206455654663009	0.016170311138489	0.00103046315608643	0.000254013662016728	0.00514254562469557	0.000807444421534398	0.000788547286654415	0.00716686641264525	0.00722817385645266	0.00172316811453941	0.00233764880919857	0.00285224608168138	0.00641688276892019	0.0036925080347705	0.012412396064439	0	4.35959135250039e-06	0.0127038736434501	0.00343811592989861	0.00216792909794623	0.00500990110065778	0.00443811558084764	0.00802269504313709
A[T>C]A	0.0141846843720244	0.00121804089516219	0.0123123621588808	0.00800673855575372	0.0339615713319743	0.00765453719915264	0.000471592348222516	0.015437702806319	0.0245024372801685	0.00296124958944727	0.000565131049051983	0.0444298571765592	0.000507836491574259	0.00253408207930776	0.0116054545727543	0.0686326166607646	0.00252768599391931	0.00278716216571866	0.0139412961209855	0.0157699676057842	0.0253140110164125	0.0159260334894786	0.00102717685397039	0.00461412538058762	0.0196628045606983	0.0527056555043984	0.00480125208463421	0.00403478415320864	0.00978510437211071	0
A[T>C]C	0.0067612475689343	0.000420367337534003	0.00917171058295326	0.00201516147730084	0.0139786425769922	0.00604156144336887	9.97011667445727e-05	0.0078417251061031	0.0107919901325007	0.00525073570170458	0.00149345682681331	0.0319485945439244	0.000142160454782072	0.00473923949879807	0.00778736750889878	0.0173025856117789	0.00800215618371293	0.00152007979484284	0.00487842780351417	0.0195745778724929	0.0166610562314099	0.0011079327637073	0.000225170838710867	0.000648071522620326	0.00955842927054134	0.0279380447147442	0.00185591396643047	0.00821249880937051	0.00649046193142632	0.00883815842028013
A[T>C]G	0.0110319751083488	0.00057408584737491	0.0118147465842328	0.00824262636282661	0.0291651915663489	0.0236440376190309	0.00070485375675901	0.0100195341889953	0.0182694572908784	0.00265149553979274	0.000804437186737189	0.0495703739256754	0.000275472275476098	0.00364182948119196	0.00786486747366425	0.0355627124728641	0.00443487014766373	0.00337790570602766	0.0138571255384002	0.0562578280874518	0.0228437470427091	0.00496104082124379	0.000511945225573176	0.00283901499373203	0.0202280580086415	0.0529574717165185	0.00577725124950599	0.00581051077132074	0.0151337567894709	0.0092269938863857
A[T>C]T	0.00848180792266268	0.00125007587499505	0.0144162868840643	0.00308472721469163	0.023568973433137	0.00211019900133581	0.00093266855188525	0.0186927906913083	0.0215895505470637	0.00343487718695477	0.000254013662016728	0.0214272734362315	0.000222224277168628	0.0021904091295956	0.00571534916451457	0.0427666953173449	0.00264551581930002	0.00469090578829102	0.0138290719111824	0.00634785220934228	0.0162298608970145	0.002236389673741	0.000270711913595793	0.00625111047941813	0.0123937913826621	0.0336414421755888	0.00221714761527573	0.00286470368023363	0.00686069036481902	0
A[T>G]A	0.00161831624511519	3.15075583955837e-05	0.00222089142685815	0	0.00332459642887856	0	0	0.00401954349372636	0.0325726844795891	0	0	0.00114411649381697	0.000356947600976631	0	0	0.00497753984150594	4.97974407798849e-05	0.000366931500083132	0.0013460561771986	1.69798566470345e-06	0	0.00156234519884564	0	0	0.00502595044941636	7.72486972010765e-05	0.00108094250464386	0.00627453707067076	0	0.00507292840126102
A[T>G]C	0.00192235197201826	2.45407089287357e-05	0.00146190732003128	0.000201516147730084	0.00228045043178661	0.00183404543816555	0	0.000799166662338982	0.00524182377864321	0.00403902746284968	0	0.00100784209917743	0.000109798745310436	0.0020605389125209	0.000640057603471133	0.00424975786955972	0.00640780838790005	0.00126061726737801	0	0.000387782434334978	0.00313025904953762	0	0	0.00151086192701846	0	0.000165202027424524	0.000964287866853823	0.0173102055908914	0	0.00248264351572903
A[T>G]G	0.00150808807120395	0.000272794925525942	0.00912936913175659	0.00152641228941234	0.00562842050843899	0.00076271089093648	0.000906240544404441	0.0069821403911021	0.00539779419957771	0.00152970896526504	0.000100554648342149	0.00183216987815638	3.55228305715182e-05	0.000728365896238392	0.00129285492717768	0.00623369385300204	0.00348311936730146	0.00240353879017956	0.0010264537435852	0.000676469009291506	0.00163169621733636	0.00109736285365073	0	0.000883479416160889	0.00724988100756143	0.00128334615980645	6.87124507813128e-05	0.00693876751699885	0.00301978240426882	0.00641876505687874
A[T>G]T	0.00289425324661546	0.000182866330989572	0.00596980649286376	0.000171373734149535	0.00329862931180823	0.00266068569733646	0	0.00251748516932196	0.0168695678363696	0.0117644543653201	0	0.00257127281234778	0.0001599362757548	0.00490651645029414	0.00263087501223686	0.00653977634631431	0.0260530476657559	0.000289248278947381	0.00146933889056313	0.000460118249944408	0.00154570103781091	0	0	0.000943898070815359	0	0.0015931915397855	0.000218937540775429	0.0765634265252639	0	0.00819173938420676
C[C>A]A	0.00702180183496272	0.000661128407189493	0.0185270526221482	0.0458924688083055	0.00970294612129852	0.010765722539245	0.00118206708912667	0.0315603575777514	0.00995173849663917	0.00309270963892232	0.000688589018984893	0.0134427122800565	0.00165072764454639	0.0057003233419763	0.0111720871603859	0.0158954438760466	0.0010104537806204	0.088097449179547	0.0112464979070679	0.0174565900533115	0.00199530467849599	0.00449379793161548	0.000165406688748994	0.0648093944004144	0.0147413666611758	0.00370698069538335	0.00503205249507917	0.00120310652544738	0.0519198725706154	0
C[C>A]C	0.00801792870418067	0.000213908133032359	0.0159473767085218	0.0626986870277688	0.00509464024052103	0.0263504739325571	0.000606263900807112	0.0260279009763461	0.0059374137605829	0.000921021021512117	0.00171538083346367	0.0114398607138263	0.00114785153083064	0.0106502846427031	0.00908149431159821	0.01025475088959	0.000423539961786332	0.0210133307704594	0.0163774388908882	0.0376143529283902	0.00143270520965806	0.00381404064574095	0.000758925106358148	0.0353079458693247	0.00797420510191142	0.00408454848889425	0.00227678482690717	0.000353057036163887	0.0267537755848927	0
C[C>A]G	0.000765414682288805	5.32079413803874e-06	0.00155963826061743	0.00705455564993433	0.0022618237249805	0.00781105501843007	0	0.000929011543301179	0	0.000562369798966652	0.000792152045968786	0.00224521358735067	0.00018979693756069	0.00073773513775644	0.001273110806648	0.00177110664326984	0.000234441697751312	0.0137288966506189	0.00145552035998571	0.0100979441134552	0.00216914949938719	0.00071597732065005	0.000132563282510866	0.0184168393671899	0.00102197378926176	0.000653878375193738	0.00021305754840981	4.44838071385152e-05	0.011789201585471	0.00181717620052643
C[C>A]T	0.00784158514363998	0.000416444898636911	0.0148856596320448	0.0440787497027414	0.0113210308401584	0.0623825238874063	0.00131253005412563	0.0293576770839298	0.00947151162167353	0.0163607218451752	0.00141154625044499	0.00724630330204209	0.00124341697303196	0.131145008657411	0.0246302217204975	0.00860715940318907	3.15782178400015e-05	0.038325447319984	0.00988042308070274	0.106466397776102	0.00572627599872228	0.00449473825340199	0.00074376860854765	0.0209927143229944	0.0127976814166998	0.0195194989127165	0.00315722837584855	0.000196994241342129	0.0417722048503728	0
C[C>G]A	0.00136796191706502	2.71031734776876e-05	0.0166043288085637	0.0104527315073147	0.0075593699690218	0	9.85055907605562e-05	0.00658498444782411	0.0018278703361174	0	0	0.0018919372838598	0.00514850565249743	0	0.000948573438145977	0.00399885380529475	0.00188400341509753	0.000455000042207284	0.00020083031976907	1.33771658928489e-05	9.97652339247996e-05	0.000574867315738807	0.000199855458784969	0.0137418893794694	0.00715633147090048	0.00127949630960036	0.00469980886512383	0.000106425978273147	0.00264482556121653	0
C[C>G]C	0.000766737250610874	0.000279941093476464	0.0136919242831477	0.00990516716888205	0.00785262174972114	0	0.000404175933871408	0.0062022083504652	0.00208330307388874	0	0.000201809509819255	0.00194069065680981	0.000903328006010654	0	0.000324339082557079	0.00512737544479498	0.000712158693107665	0.00372007440085149	0.00288407728896145	0.000564841570049091	0	0.000836166359670422	0.000292267763980267	0.01684565190515	0.00468784786518505	0.00124666630710122	0.00128571919242948	0.000152411572265476	0.00115145790617364	0
C[C>G]G	0.000434032220941844	1.50587701952872e-05	0.00331761059146983	0.00505042052211207	0.00211090753385727	0	0.000475947035252695	0.000525569040310551	0	0	0.000633721636775029	0	0.00022190111204726	0	0.000339496215106133	0.00225413572779797	2.77256607137517e-06	0.00432026878009102	0.000161724484442856	0	0	0.000303928635884912	0	0.000654818448503772	0.00065922054498139	0.000167414326197461	0.000288695865277258	0	0.00123619710874252	0.00260729122371325
C[C>G]T	0.00150746007264787	0.000312865710555866	0.0243122841523518	0.00959120942605946	0.0096800822904144	0.000218502710638901	0.000302891550952069	0.00795860110547676	0.00405921926643151	0	0.000201649464349285	0.00193915158787042	0.00631528676385797	0	0.00183646390021253	0.00819729466970387	0.000956769477797389	0.00561460717025164	0.000823368590058561	0.000124309429057184	0.000306764785645836	0.0017824136501874	0.000201473829822655	0.0108573483405333	0.000200017983495621	0.00235506801036269	0.000272924016026535	0.000307090820269175	0.000144658252345467	0
C[C>T]A	0.0222458458426623	0.0146577550501615	0.014199868039394	0.0209054630146294	0.022835203745744	0.009060261542929	0.0742732154334594	0.00484074777627608	0.00995173849663917	0.00119717792474412	0.0304946565550453	0.0186206458990412	0.00352067137519006	0.00610748929497461	0.0053752494828272	0.0209939824777974	0.0208125520976829	0.00969371610173668	0.0439818400294264	0.0111961611402078	0.00339201795344319	0.00763636643575652	0.0608179882212396	0.0061541551005296	0.0142454941013793	0.00659645677454798	0.0173247979238383	0.00452153253678023	0.00921694806311686	0.0692685175073497
C[C>T]C	0.020204020486225	0.00352065620528902	0.00864612220830152	0.0147045780651445	0.0180127357005283	0.0108244685449094	0.101751291352127	0.00406168624326212	0.00718739560491615	0.00245605605736565	0.153173417952815	0.00960131167053275	0.000994349441239641	0.0174372307385433	0.00951394642167432	0.0100496558717982	0.00386237177990493	0.00575672363710579	0.077561078520999	0.0187056919292472	0.0093125838627774	0.0072044790278287	0.19195275442964	0	0.00605202674781833	0.00668044209232588	0.00728120660168915	0.00279628546875405	0.00732159924302991	0.0653169129963942
C[C>T]G	0.0819364892620551	0.00391313160938115	0.00279492835002643	0.00609257078857964	0.0103877135177616	0.077338028259401	0.0164994972220934	0.00668034641517987	0.00621488315051341	0.00875690115533787	0.0106940526205786	0.00368856517921896	0.000100432158803119	0.0240173772625152	0.0131554783353627	0.0012880775587417	0.0103845941831333	0.0129335539672766	0.0192452136486999	0.0359057500862386	0.0255477607705603	0.00437623845894507	0.0122486567442755	0.0024012925414486	0.00925106540046639	0.00958972192412778	0.00600306964786396	0.00189417147891427	0.0161637379406879	0.0139056067402908
C[C>T]T	0.0186730584370988	0.00895896206801635	0.0162533015709579	0.0205088627089144	0.021000033484193	0.0095048679127922	0.0795595140500768	0.0192144005336105	0.0100960068934322	0.00439694399589084	0.0822729814545081	0.0209224250270229	0.000605270834874192	0.019405705338328	0.0103706196717884	0.021620364691344	0.00967830277844293	0.0052420165172515	0.119285524484734	0.0142576134316767	0.00409019714194449	0.00422133026644627	0.160556584201929	0.00415036149203294	0.0138865350663194	0.00639619363775882	0.00727864741857081	0.00255802258715359	0.00169144118143464	0.034995798965008
C[T>A]A	0.00132588570590408	0.000158896661360481	0.00786572615184995	0.00786317824260145	0.00532667685331737	0.000112258224719985	0	0.0125982578040439	0.00588209358925393	0	0.000414398719675315	0.00178278272510258	0.000289894515356599	0	0.00177600749238159	0.0056854606287938	3.10040893726827e-05	0.000430987709066887	0.00454740987585003	4.76540025344031e-05	0	0.0903941490976883	0.000628672755771752	0.00297103091459451	0.0275233736450202	0.00375190954327536	0.345907499511778	0.00278304811640359	0.0018777397267098	0.00557980765173036
C[T>A]C	0.00213759843123973	0.000477771627890055	0.013243940981405	0.0116583276454782	0.0065696229956248	0.00292393651330927	0.00145499565814438	0.0187682653878017	0.00524978770668209	0.00010525681776029	0.00114163564338845	0.00903492117351464	0.000226383127648611	0.00365143154243673	0.00478156085378702	0.0135007621785528	0.0105569545272616	0.00260870265228964	0.00561497640267215	0.004651850139497	0.0038945181397629	0.0559672398952983	0	0.0028987041116858	0.0165667352913888	0.00411764806454134	0.00294913317239202	0.0213029527362734	0.000408472481220997	0.00714251201830544
C[T>A]G	0.00163226426598297	0.000231704947098136	0.0116980765618688	0.0350823890528758	0.0108587978509947	0.000878687309850011	0.000710528460237825	0.0167678558498773	0.00533661182552972	0.000308404898258457	0.000608185219454514	0.00318080750226979	0.000285422445336214	0.000209779969565659	0.00293234302406247	0.0133918768307288	0.00450503095246557	0.00564816743488547	0.00217290699095618	0.00116748227890673	0.00257005130000915	0.217011982797962	0.000179112724673866	0.00726160749923977	0.0643741344023331	0.00246381563785873	0.00450115883978968	0.00937194742474902	0.00370144883217963	0.00849240997472673
C[T>A]T	0.00246913741661057	0.000597084946231292	0.0172759814806751	0.012183757698729	0.0104434680499565	0.00124783571374299	0.00188701912657623	0.0277902954001235	0.00745701278419665	0.000955570822793167	0.000418759778205419	0.00572255284410721	8.22302336634034e-07	0.00216662812702138	0.000785180322420686	0.0102138549453038	0.0325444975612167	0.00349996910542786	0.00235106633058483	0.00255042001169037	0.00106174968868891	0.0649914323313842	0.000489200358842819	0.00316351767666217	0.038734630469507	0.00174155889246715	0.00574213614456134	0.0119903920890914	0.00239976275709421	0
C[T>C]A	0.00468277731466442	0.000561814612161793	0.00820200507058301	0.00545180358153701	0.015039087972978	0.00696000993263908	0.00103742626939319	0.00542084343431121	0.016469862049911	0.000525344051827367	0.000103599679918829	0.0327193064842356	4.34614229535344e-05	0.000643219312297292	0.00355201498476318	0.0153718009593314	0.00765535808551375	0.000200856911616098	0.00697974539083959	0.0157297527284769	0.0230101633101356	0.00418935141919717	0	0.00198546959190477	0.00944928408277398	0.0399159354226697	0.00512590149325629	0.0224870691382416	0	0
C[T>C]C	0.00589960634454548	0.000403960529128353	0.0150191439507405	0.00273077944849039	0.0132152319459508	0.00449836386662964	0.000831426090368218	0.0114795293207024	0.0126423459058875	0.00199987953744551	0.000415140233959436	0.0404470308349202	4.41055137822953e-05	0.00569193740438667	0.0055599544811477	0.020462092676869	0.0409494806482415	0.00319379038062121	0.00741600656956699	0.0194552352786987	0.0105257247020619	0.00140936506826534	0	0.00479128186829775	0.0112944369270491	0.0229445466595397	0.00600020188367892	0.0470183830350592	0.00295673733866465	0
C[T>C]G	0.00769337362293003	0.000364059454926976	0.00856167557465713	0.0102580084949929	0.0193680941323958	0.0296556967074379	0.00101504065748261	0.00579996575719612	0.0161144749241486	0.00154202449129228	0.000101364203242419	0.0425817778529666	5.39832747428005e-05	0.00167823975652527	0.0139014780399998	0.0195727430602959	0.0288530382364388	0.00265528573595364	0.00413887045896416	0.0767571525389307	0.0216912329720772	0.00279855583581201	0.000331805644786413	0	0.013672112233867	0.0486929263331438	0.00579577996966348	0.0393485371457836	0.00718303252446918	0
C[T>C]T	0.00760656603379211	0.000582559432949977	0.0125268729799199	0.00572106883244668	0.0203370477887227	0.00374350714122896	0.00471754781644057	0.0117738965418891	0.0297199784877403	0.00212349071731815	0.000942209500962193	0.0343353170646432	7.8480364229136e-07	0.00292494797147887	0.00392590161210343	0.0279817067772384	0.106106871497733	0.00138366230071302	0.00566393252368163	0.0117614697747771	0.0216596936492538	0.00248429441433808	0	0.0017334550199404	0.00947787823063754	0.0220799029300649	0.00412413190163737	0.00553652621881135	0.00326891960076754	0
C[T>G]A	0.000339369345040074	0.000116947688878543	0.00205094590313649	0	0.00215642505599986	0.000112258224719985	0	0.00253977555947037	0.0231005857323427	0.00231151382804041	0	0.00136330443684315	1.53448716363697e-05	0	0	0.000210572615881252	9.42822144697151e-05	6.37603515066442e-05	0	2.46129780820688e-05	0	0.00116542426870459	0	0	0	0.000100498640668588	0	0.0103986596535717	0.00118789295612088	0.00485656928277514
C[T>G]C	0.00235699539806391	2.27499413760299e-05	0.00606159660011721	0.0013653897242452	0.00368062858356016	0.00449836386662964	0.000831426090368218	0.0022002144063195	0.00685686557607456	0.00189462271968522	0.000103785058489859	0.00514780392444439	0.000150344931033702	0.00214790090731572	0.00211278270283613	0.00864892577063536	0.0204600702430831	0.00211059244294558	0.00116537246093196	0.0089840242247753	0.000526286235103094	0.00110938935437121	0.000201424281843687	0.00235109463747582	0.00302654928992218	0.0041364802347453	0.000399610003361384	0.0368393034892984	0	0.00631442976067656
C[T>G]G	0.0017546740186645	0.000229528922992614	0.0106369789086551	0.00471868390769675	0.00738636905725376	0.00549179568656257	0.000913536591734347	0.00677002033990859	0.0131845703924852	0.0038036604118543	0.00111500623566661	0.00461730121297228	4.57421990021618e-05	0.000524449923914147	0.000760237080312491	0.00690196728968328	0.0135642362621207	0.00543230710341593	0.00134513289916335	0.0159245568620004	0.000411208208001464	0.00426304183441798	0	0.000119685664623354	0.0120528727862683	0.0056664231399747	0.000412823259493366	0.0196449342820737	0.00225790227470993	0.00758250890600601
C[T>G]T	0.00312534742682092	6.97028621721386e-05	0.0091590134868454	0.00127134862943259	0.0122602507444287	0.00975580648926334	0.00136284714697172	0.00515271397571347	0.0550089783645811	0.0193237655275951	0.000942209500962193	0.00667631165145841	0.000476376544366767	0.00682487860011735	0.00504758778699013	0.019789343956526	0.272331761766983	0.00247324650751955	0.00203046637641417	0.00233644004515437	0.00339759900380452	0.00171279202941904	0.000225289639151671	0.00274954112254878	0.00904399520987166	0.00722708575610746	0.00152157069441217	0.130358500722066	0.00122920780454499	0.00971079918064389
G[C>A]A	0.00853215533529264	0.000334438276172208	0.00931177936867188	0.0364395827152596	0.0116108246508413	0.00249045159295596	0.00028769160473868	0.0229364799628209	0.0116654082215629	0.00135972331320762	0.000383060259099278	0.00601021320638418	0.00012414697491544	0.00178372961638957	0.00246254823395805	0.00934311776197198	0.0062269201642783	0.124368810449359	0.00312819859412792	0.00109153902053453	9.71234898897674e-05	0.00124846115104935	0.000342021915122421	0.0542755610269736	0.0130278037033983	0.00133930261215754	0.0104027965448597	0.00214162655043055	0.0767332025399428	0.0085964010959889
G[C>A]C	0.00547615009462719	0.000116667065483173	0.00955563512360748	0.0354845241044123	0.00828559427009403	0.00552300448529672	8.80007702271858e-05	0.0140618168551631	0.0083461522062333	0.00196076582268664	0.000878795139193794	0.00498157594127675	0.000650420217542774	0.0103667328943304	0.00932157370788067	0.00839516009813106	0.00113122713200729	0.0142680852842802	0.00278090767911792	0.00293592452568521	0.00338679114211395	0.00159677950590149	0.000509785817551014	0.100152997554928	0.00574282913843077	0.00175298087607391	0.0110429961008667	0.000394787450581482	0.0662775049078241	0.00832686271128692
G[C>A]G	0.000494873405700612	0.00013134353049693	0.000691278261608139	0.0170438224035878	0.00212489984204475	0.00168826940677768	0	0.000638474411817727	0	0.000150490157499452	0	0.00112653591218303	7.04897175121993e-05	0.000844509999410261	0.00103340949913781	0.00271443023071565	0.000947561799595846	0.0069398984721059	0	0.00284249997042521	0.000225736156846853	0.000248695508031891	0.000113151083942158	0.0357803656590852	0.000493292888144859	9.98118118821983e-06	0.00122109273851116	0	0.0132408852191438	0.000665996986010643
G[C>A]T	0.00490099574224686	0.000123761631717819	0.0124405756502609	0.026516900471242	0.0106662107438854	0.00957422475010432	0.000101700581580233	0.0216323506100291	0.0089115728570971	0.00906405814381256	0.000609362689770734	0.00277574429297247	0.000549227696567388	0.0773484891322216	0.0336240084357137	0.00650247425915287	0.00313622612181398	0.073791165836011	0.0074643902526082	0.0134178987073922	0.0023690248580405	0.000529401697022164	0	0.0530883685541015	0.010746010729358	0.00199836664379107	0.00760288125238566	0.0014015694885779	0.0621456958829669	0.00840762441117206
G[C>G]A	0.000624031534618192	4.25998479900944e-05	0.0114439821941779	0.00678396486720258	0.00542789854064495	0	0	0.00360726677414817	0.00108745330878976	0	0	0.00116326707220339	0.00126808577663973	0.000198192179598841	0.00225733588112821	0.00301704844397012	0.00123513499144606	0.000892620479125664	0.00195512412132995	0.00131025833048215	0.00038849395955907	0	0	0.00490880352919168	0.00403418220422579	0.00128603054357919	0.00137161325325263	8.17822494159999e-05	0.000261287517583164	0.00716366757999075
G[C>G]C	0.0022761908983231	1.26592237106607e-05	0.00865704089157599	0.00809296163784842	0.0048280826714224	0.0028567264579121	0.000352003080908743	0.0027076835279201	0.00263085232587789	0.000178251438426059	0.000175759027838759	0.000978523845607932	0.000680226155354231	9.09362534590388e-05	0.000470786550903064	0.00285792684191696	0.000227994215666257	0.000575096852736839	0	0.00162540733031936	0.00374329547286279	0	0.0001233352785555	0.00853529222888712	0.00212443363490168	0.00164919638073449	0.00119525700222287	9.67808529225938e-05	0.000852604358923097	0.0058726172976712
G[C>G]G	1.99555145684737e-07	2.99324800725138e-05	0.00124326022786544	0.00465514092080371	0.000832497628985279	0	0	0.000241018726181037	0	0	0	0	5.95475461732241e-05	0	0.000476958230371296	0	3.23137757299515e-06	0.000406329945166714	0	4.83046088123594e-07	0	0.000159939506407633	0	0.00432651519461463	0.000313464695845317	0.000154709051555213	0	0	0	0.00118401971792856
G[C>G]T	0.000978291837921323	0.000270460917397497	0.0182445886260099	0.00616672103982372	0.00625527129168483	0.00187082552588245	0	0.00593228152099478	0.00461304947896791	0.000412002642900571	0	0.00092524809765749	0.00267100001434727	0.000315279167658512	0.00195868010305128	0.00299320243675291	0.00183943060505127	0.00141063964895033	0	0.00128427406972057	0.000412004323137478	0.000549073342572782	0	0.00321693434237351	0.00204597653874495	0.00126566856441022	0.00467791318396111	0.00016973870223603	0.0050014207380304	0
G[C>T]A	0.0258514192230022	0.00607173208397356	0.0154873404434724	0.00843149919209464	0.01956419454232	0.0677610370916768	0	0.00219004670423292	0.00612928228590593	0	0.0249946819062279	0.0120204264127684	0.00275728777929004	0.0551965220182773	0.0488405399735014	0.0121655179192344	0.00197110519676082	0.00261161111600298	0.03656082106887	0.0555429522843329	0.0158311288520321	0.00184174449852535	0.0520812846517478	0.0235054365210853	0.00971197083638738	0.00935499152923883	0.0137486778052109	0.00339215644686398	0.0114429295751487	0.0471849493976988
G[C>T]C	0.0258318626380344	0.00174003525692258	0.00723381249309218	0.00711469154975685	0.0161470445553204	0.0736083183988683	0.018480161747709	0.00143680783562621	0.00625961415467498	0.0119428463745459	0.0856825260713949	0.00818401761781179	0.00216895081708329	0.056198604637686	0.126641582192924	0.00821653967051125	0.000284583805075725	0.0037231423484429	0.0550799133864001	0.0488477580236046	0.0349374244133861	0.00284933198014288	0.146133980795987	0.0145012637341543	0.00617394506360946	0.0174324350441233	0.0178781719149435	0.00155208964963924	0.00341195131317729	0.0440884698640918
G[C>T]G	0.0831599642650804	0.00022304121657358	0.000902411611571767	0.00172690711578202	0.00997994309585154	0.107647273127396	0.000148590663710753	0.00870897705802979	0.00673994261546697	0.020316171262426	0.00667736642505117	0.00172735506534731	0.00233357141255445	0.0750846163112032	0.14539276722485	0.000678607557678912	0.00554446971200676	0.00890548643546244	0.0210544900474586	0.00347976162447923	0.00142966232669673	0.0024588093020803	0.00987984487801681	0.00972711694319643	0.00784674790021796	0.0169772791982493	0.00701986368394716	0.00170011091389925	0.0149936300338992	0.0118399714940988
G[C>T]T	0.0194430005641242	0.00329053370844781	0.0108072770741272	0.00842785208775909	0.0201938456575168	0.057665445621318	0.0163737936344175	0.00645535660294444	0.0105890453949036	0.0156561004302217	0.0530145540100538	0.011822614581179	0.00168198545346795	0.0583266460168247	0.0870524490245014	0.0119728097470116	0.000935378184908418	0.0019605158529955	0.0950673036339128	0.0514231281159082	0.0170981794102053	0.00113606301870687	0.111530002750197	0.019085960482074	0.0100798312935543	0.0178742849409932	0.00778470859323373	0.00110976228065539	0.00600717173899516	0.0194489066619635
G[T>A]A	0.000743380573311668	0.000113689633626533	0.00443176051756678	0.0069586131831065	0.0068481762299997	0	0	0.00820296755380806	0.00308622257181572	0	0.000298962293205215	0.0015131343927184	0.000134909998635286	0	0	0.00303829472153796	8.47297525791077e-06	0.00188556400489659	0.00264487858853486	0.000166015391930732	0	0.0537418739348777	0	0.00229851290468916	0.0364640969811753	0.00227286105020191	0.110560502008832	0.000575197905227469	0.00299777813915415	0.00377705716939798
G[T>A]C	0.000655040575304635	0.00031943747938108	0.0061699922158598	0.00576599693292485	0.00449247842502257	0.00332437806186683	0	0.00876534000309752	0.0032802084652585	0.000111124039825107	0.000328710725393863	0.00432561944900311	0.00027188170678904	0.00283453641108206	0.00446110673317989	0.0044541628808533	0.00280546535463733	0.00166956357757891	0	0.00425110887295735	0.0157796780078817	0.0104400029707081	0.000204889974582651	0.0055120503378289	0.00647264939691044	0.00580195782934674	2.59560133887003e-05	0.00362856488672261	0	0.00371571948794751
G[T>A]G	0.00137646071770153	9.3274554423224e-05	0.00857580722991427	0.0142631491537819	0.0073621525025129	0.000688963708926089	0.000636700831570554	0.00970683336710664	0.00306305078845962	0	0.000423882347438814	0.00203812127584542	0.000159638498516245	0	0.00295205935116158	0.00549248650502175	0.00373110803130614	0.00160943172142259	0.00173078273174519	0.000896417784368802	0.00333168708877446	0.0535143277696441	0	0.000215032036411251	0.0409416029023014	0.0014635059020075	0.00167593452515463	0.00238784432398894	0.000580563466940248	0.00539041956821149
G[T>A]T	0.00232061297983452	0.000217824684883001	0.0088568670998707	0.00463432527649558	0.00529235013968037	0.00231565900316894	0.00101904739500491	0.0183319774564239	0.00378188992126331	0.000412829713910475	0.000101764324906074	0.0031933633153563	0.000122573287701467	0.000947736215986898	0.00468846209043176	0.00341289540574108	0.00392744528919153	0.00370740805368363	0.00540177052701477	0.00197532958928001	0.00423152182458367	0.0108325454921821	0	0	0.0207350760375678	0.00260062652599497	0	0.00213849907717049	0	0.00659751665788362
G[T>C]A	0.0121304950343903	4.62082848783986e-06	0.00684538766717727	0.00615181745173183	0.0165555630491379	0.0131739117051548	0.000199583201268656	0.0057656138389497	0.00936154180117434	0.00646830569686538	0.000996540977350717	0.0578017338018427	0.0010307747083049	0.0080433909006164	0.0208207404397409	0.0163055150055871	1.13043230758985e-05	0.000531984478796974	0.00396731788280229	0.00251299610110169	0.144122524069066	0.00422002406373256	0.000255478370367757	0.00131162668569498	0.0176087619725383	0.0993632289794283	0.00480819817364183	0.00381237631209032	0.0072545887971188	0
G[T>C]C	0.00830018884880473	0.000202259627253631	0.00687903795372239	0.00177415290243842	0.0106956297348668	0.00700493948750511	0.000109721427010222	0.00574124106998595	0.010971731763106	0.0112235280223359	0.00175312386876727	0.030390249462227	0.000569745427021092	0.0143994449682969	0.0585813752593886	0.0110240531301119	0.0105283574844096	0.00251945258447776	0.00335545258424129	0.00175187193267257	0.0738977878538121	0	0.00060192837325417	0.00762138781342602	0.00447842310810273	0.0448202035116098	0.00217441512019668	0.00810945609386709	0.0079995484831428	0.00732211716467839
G[T>C]G	0.00570846195135791	5.20449831326839e-07	0.00648090846423334	0.00450415236435217	0.0152377327082863	0.0132051377544167	0.000318350415785277	0.00540221777492851	0.010283099075543	0.00580356029290253	0.00201344115033437	0.0439805117419274	0.000655218850597296	0.00899184067730336	0.0174852746184186	0.0159389804459455	0.00490701585712691	0.00627691024975012	0.00649043524404448	0.0295890840330164	0.0950068189186006	0.00156932452175184	0	0.000305024439944937	0.0143486538537196	0.0480830661124498	0.00131550915432087	0.00913084102770733	0.00613935086200734	0.00845563174000508
G[T>C]T	0.0117481317296178	0.000584147192255614	0.00766313257587059	0.00247164014746431	0.0162544700149397	0.00463131800633789	0.00825428389953975	0.00873589589150401	0.0132366147244216	0.0127977211312247	0.0023405794728397	0.0417197465393323	0.000675238908340006	0.00905614606387481	0.010249196197688	0.0146857923519768	0.0082509901665638	0.00489892489247974	0.0102841400418166	0.00155705489851046	0.10351747292823	0.0015950700081106	0.00103430360229943	0.00447097633432079	0.014557863439439	0.0574617100938187	0.0038512588267541	0.00043445046837464	0.0117407048769823	0.00872899981529775
G[T>G]A	0.000106817436838454	9.44683774828218e-05	0.00414166379508867	0	0.00165369324869337	0	0	0.000982216701789888	0.00740693417235772	0	0	0	1.8081032616834e-05	0	0	0	3.88603277741542e-05	0.00134877858472629	0	3.64245951925978e-06	0	0	0	0	0.00558394357919535	3.78929651863147e-05	0	0	0	0.00328001746323777
G[T>G]C	0.000239962749479828	5.10930948743407e-05	0.0049465851076246	0	0.000366108867689936	0.00189964460678105	0	0.000581566707996775	0.000678663820398311	0.00222248079650215	0	0.000443653276820832	0.000100394711146455	0.00215424767242236	0.00258274600341994	0.00356333030468264	0.00989688605275031	1.01748536427851e-06	0	0.00316728461998186	0.000666746958079507	0	0	0.00121939695267913	0	0.00274171681933218	5.62047528602521e-05	0	0	0.00207644781670621
G[T>G]G	0.0013628413297985	0.000115567128547835	0.0174185329172812	0.00193035101329379	0.00642710539027576	0.00114827284821015	0.0018039856894499	0.00652435599130011	0.00546973355082075	0.000967260048817088	0.00105970586859704	0.00117996494917366	1.10010068865851e-05	0.00131587912350781	0.00420100753819147	0.000861566510591647	0.00504265231316472	0.0103651947332623	0.00465147859156521	0.00295787372072863	0.000429895108228962	0.00199781520220298	0.000202408125082839	0.00321264792954998	0.00929855813824731	0.000880612718206663	0.00507607914037716	0.0046782096199237	0.00396077105107509	0.00359364886197766
G[T>G]T	0.000881845425543037	8.73065458423682e-05	0.00721197115983068	0.000205970012288693	0.00343151506511228	0.00385943167194824	0.000917142655504417	0.00558579950362448	0.0194347120953809	0.00309622285432856	0	0.00329637503520651	5.36657851930562e-05	0.00400155291194468	0.0207164603995822	0.00455052720765478	0.0642906224705635	0.00296770606585873	0.0025970050610648	0.00369819210867289	0.000825662795040717	0	0	0.000870358438913883	0.00284642374580041	0.00810634766703193	0.00236228837817597	0.033710330675946	0.00645770412664744	0.00578545428440978
T[C>A]A	0.0127514542959948	0.0144351653654791	0.0112398850930475	0.0321217601096181	0.0144877322603586	0.00177180380011494	0.000963176279267197	0.0262958090400239	0.0220430026431515	0.0364832865899678	0.00086566420634664	0.00642601846111376	0.0454613659513083	0.000497652702533492	0.0058741929016441	0.0119256007241079	0.00174605684658524	0.0650951279745758	0.0050074239096235	0.000676089701183588	9.75492924513145e-05	0.00391297089173923	0.00203348718113308	0.031357538182456	0.00674215367996694	0.00262133355172384	0.0068769156416572	0.000781127186910881	0.0265577384266132	0
T[C>A]C	0.0126275440032558	0.00677457688959701	0.0174079496411496	0.0569133627787228	0.0128351181130221	0.00328481777571783	0.0020935452439966	0.0191241396162126	0.00464015844822242	0.0109195855244985	0.00261332568362301	0.0104756216567136	0.0177760599798528	0.0179560591536843	0.00694403042226142	0.0154040533210703	0.00133802183965274	0.0441560819391488	0.00672250770897009	0.00433221377060974	0.000530079128978498	0.00287565765570925	0.0007430400699526	0.0677636002176485	0.0108213601149676	0.00215959112832508	0.00661813107518255	0.000907337268408734	0.0339214649774194	0
T[C>A]G	0.00222046916255139	0.00148178019556437	0.00122721193641597	0.00948999733951301	0.00358737513097665	0.00107474825697393	0.000180585606015297	0.00154556504029768	0	0.0028348586108768	9.01683885066624e-05	0.00173419923839268	0.00202900291681095	0	0.00241524234331125	0.00366545407331787	0.00194937830804916	0.0137932300014354	0.00165677695294017	0.000921833594822935	0	0.000464589025606132	9.14758504127292e-05	0.0119660024128608	0	0.000243045786696926	0.00131716785991313	0	0.0115718490272055	0.0015288385569816
T[C>A]T	0.018044168733098	0.0134361885760612	0.0178911094327291	0.0409141596325509	0.0203232909241508	0.00686722406255637	0.0014224455384155	0.0421487368837216	0.0363211981712947	0.34165076223946	0.000437072476909638	0.00541976717227054	0.0199805586922901	0.0583435137271319	0.0169757068710685	0.0174343838390154	0.00544911079433034	0.129948112376359	0.00970398132156502	0.0136460801666128	0.000443272339365562	0.00395591128561667	0.000231344414049955	0.0343162444210804	0.0271851551465565	0.00335247993226873	0.0108216886877466	0.00228513817327874	0.0462262323129482	0
T[C>G]A	0.00195159025541248	0.0355375894577904	0.0154724168856344	0.00311483734396297	0.00262910469121738	0	0.000192635255853439	0.00400567554075742	0.00327666255506306	0	9.61849118162933e-05	0.00233673398585955	0.264498832746821	0	0.000927504142364858	0.00488754128037209	0.000375789444526257	0.00174960308868095	0.000490923912708186	2.38674298948091e-05	0.000195098584902629	0.00021777339528804	0.000226400134638143	0.0101903992043867	0.00952192434809756	0.00410981954585835	0.00278837931897508	0.000524880933141008	0.000810174440793174	0
T[C>G]C	0.00233881789981547	2.01328430817118e-05	0.0211220300059135	0.0111076265646206	0.0084449198181466	0.000226539156946057	0.0010467726219983	0.004016912104159	0.0026977665396642	0	0.00114986330079412	0.00285698772455825	0.0655313162574386	0	0.00291201275772253	0.00679903043136897	0.00068184830911687	0.00829251933183398	0.00117377118728049	0.00016226048399119	0.000318047477387099	0.000659876934583776	0.000176887688588858	0.00821156579217733	0.00344973207310223	0.00298458652166098	0.00328115982141559	0.00073012799978928	0.000476623372066297	0
T[C>G]G	0.000297523919426279	0.00145405818089923	0.00228572968461732	0.00282874920697022	0.0012126037278472	0	0.000270878409022945	2.33931134688303e-05	0	0	0.000270505165519987	0	0.00843087643941349	0	0	0	1.22380277547123e-05	0.00137658062037577	0	0	0	0.00035835070997626	0	0.0014886379302853	0.00187425650524467	5.6820654191332e-09	1.16658041817067e-05	0	0.000132652075388293	0.00179863897449461
T[C>G]T	0.00372679463714877	0.0725001345211493	0.0358013818243899	0.00552894049088526	0.00740213356277949	0.000118400414871662	0.000765932212992962	0.00690396723651822	0.00552713885215354	0.000110817632902841	0.000874144953819276	0.00165911239967466	0.35407769235101	0.000113068825052581	0.00175610760735192	0.0187669482088765	0.00310094885840336	0.00393236043167612	0.0117117015949923	0.000762205538906397	0.000332454254524172	0.000282377101159994	0.000489562169987729	0.00690990359897204	0.018105470701147	0.00891055690536177	0.00235120351139037	0.00142476146797542	0.00153671982291672	0
T[C>T]A	0.0150852559769834	0.400724018630158	0.00856522810014521	0.00340685334495949	0.0107844547357137	0.00771255771814738	0.115773788767917	0.00698501084551562	0.00496464023494402	0.00360930910114655	0.0290478433685206	0.0134362204186924	0.10744948526222	0.00915680972661625	0.0115422737716516	0.01681314200448	0.0154080501565122	0.0144816752118865	0.0214042825940769	0.0105203278921216	0.00624315471688413	0.00194770114643924	0.0142929066138871	0.0264927099020859	0.0107645963819933	0.0110555969991771	0.0182215654608501	0.00767358094183166	0.0119254066778816	0.0828876434062287
T[C>T]C	0.0200018080843534	0.0850102746953319	0.0141822913707114	0.00740508437641375	0.0220020203884648	0.00758906175769291	0.302203255970909	0.00429324125003173	0.0090644955732717	0.0223692480162057	0.166102980451078	0.0100523642160383	0.0154119599189837	0.0306118357861003	0.0174720765463352	0.0139167654142084	0.0174517412488348	0.0105069538858641	0.0352131356184148	0.00872746596697735	0.00911736101843016	0.00208957532304754	0.0464237966227371	0.0130629888106651	0.00681051293867826	0.011488154870517	0.00843438365969875	0.00559814481664224	0	0.0957117347265265
T[C>T]G	0.0741643197283082	0.0426880356537938	0.00154202570811614	0.00100374971860234	0.00692632765359936	0.0382024153160733	0.0895704605835872	0.00504750457747796	0.00437484824786152	0.195788138254427	0.00721347108053299	0.000912736441259308	0.00539918239319869	0.00877064580993448	0.0100474081481748	0.00329890866598608	0.0145979371048462	0.0105067861802563	0.00828388476470083	0.0213297501596475	0.0115223755380112	0.00135666511081171	0.00253336282257595	0.00501288967486553	0.0128295240934229	0.00950311396920071	0.00419730699898229	0.00181015922116826	0.0146542229647925	0.0138497852412604
T[C>T]T	0.0162734675618267	0.247891555117928	0.0112908251518173	0.00851456835596331	0.0131313281137116	0.00556481949896809	0.0923495411094372	0.0134918443657298	0.0108286802001375	0.0434405120979138	0.104241785742949	0.00995467439804793	0.0301732632441319	0.0258927609370411	0.00889761187724971	0.0214320769485986	0.0215552623782352	0.00595075112874281	0.0297811840558375	0.0106454888149585	0.007092357429849	0.00129707042983944	0.0271336035384884	0.00626630806534915	0.0137092544854006	0.00805472470366927	0.0131111677558123	0.00708293363912448	0.0151018327576947	0.0504595924562931
T[T>A]A	0.00537193727484496	7.10104171179656e-05	0.006339836320401	0.00403652259822585	0.00831888615272544	0.000192090630929164	0.000887595840426419	0.0135718000209013	0.0196727792216198	0	0.000265911846494634	0.00511425488808103	0.000350749862928854	0	0.000759753685303394	0.00765682709009518	0.000616269495914385	0.00417015363466804	0.00352872869864893	0.000836884787511262	0.00242715419613475	0.0363209982970845	0	0	0.0195490176284094	0.000566170113693012	0.0472783101663907	0.000188550596622622	0.00108399180541822	0.00689569570240178
T[T>A]C	0.00219657834444903	4.83788296084689e-06	0.00926799842842915	0.00472648776038831	0.00707550662995613	0.000880140500286612	0.00152507902766997	0.0124179951515677	0.00282993756332958	0.000823773184996071	0	0.0135664830310824	0.000768969336019595	0.00168101526259799	0.0020669133047082	0.00897707798900092	0.00260559961439086	0.00264092271188469	0.00497485848565994	0.000734314590606827	0.00463374306294372	0.0260680840734856	0	0.00841337678723112	0.00349345525224112	0.00523844131239195	4.82886199253169e-05	0.0108192885251194	0.00175396871472001	0.00668364312798272
T[T>A]G	0.00114447503488762	6.41056155806009e-05	0.0063876313184785	0.00805066075000904	0.00706623791005396	0	0.00097148938051519	0.00820489512386468	0.0140209710687528	0	0	0.00363355749552362	0.000233423174448735	0	0.000623672906740639	0.00621145384980593	2.03989215688291e-05	0.00197393616203793	0.00514967481267102	9.61047291001707e-05	0	0.0680370238670492	0.000229261888257232	0.0112651578475027	0.00998910167904036	1.98670975619777e-05	0	0.00330055655483914	0.00242901252515517	0.00358023873242775
T[T>A]T	0.0036477919801682	0.000232100766904036	0.0124912381077737	0.0038557772720713	0.00883999241495865	0.000642212535200509	0.00423925765930981	0.0236789882341537	0.0121491700062323	0.00240433187835009	0.00067734662143048	0.00805637953726881	0.000133221267255753	0.00105136045875037	0.000272150185049081	0.00688373989401784	0.00327112146672945	0.00240774774255295	0.00734644343554396	0.0020003602969872	0.000686954766783275	0.020045500420944	0	0.000237471564125053	0.0124268560205598	0.00106376985594695	0.00165015254661693	0.0146158204218395	0	0
T[T>C]A	0.00774459945175966	8.96351207482989e-05	0.00810224709326067	0.00251161406111831	0.0154163373808798	0.00566667361241033	0.00204147043298076	0.00439342078947072	0.0142742025980125	0.00269682699745482	0.000177274564329756	0.0448618849831669	0.000681958732478642	0.00165096682893222	0.00645790632507885	0.0221597584019225	0.00150677063717898	0.000270336080914199	0.00470497159819858	0.00519052515892303	0.0349689993443117	0.00427522496339878	0	0.00154566182509772	0.0129981994064196	0.0259491838073352	0.00154063065469942	0.00921199279789038	0.0104637188473232	0
T[T>C]C	0.00533726627043748	0.000473769706043827	0.0111525839717101	0.00164399574274376	0.0146944807104062	0.00385061468875393	0.00183009483320396	0.00624414998631963	0.014359312821339	0.00998824986807736	0.00091378657228302	0.0351495242168953	0.000132484908950452	0.00588355341909295	0.0107697061666375	0.0188828192182433	0.0111868145529519	0.00641321486396034	0.00207285770235831	0.0116484012215466	0.0322302573044752	0.000929911249561006	0.000238985742368284	0.00246748509756993	0.00759694687672773	0.037828762713258	0.00357789068327866	0.030829460436355	0.00373610001012649	0.00941786077124837
T[T>C]G	0.00874100942282532	0.000185135900187481	0.00594709365650075	0.00353443642683324	0.0124590253280792	0.0111430698250998	0.00184582982297886	0.00168020078636333	0.00981467974812698	0.00639540406177801	0.000679105535349026	0.0314253621234475	3.56068260699934e-05	0.00341324575521508	0.00405387389381415	0.0162680934161584	0.00572577487050453	0.00150855432070019	0.00564483585235093	0.0235474867698788	0.0244994170117703	0.00173560905540314	0.000237171941465751	0.000483981425638995	0.00479535828527573	0.0188858008545685	0.00112955693098261	0.0159250911324222	0.00168752750695793	0.00590253447907998
T[T>C]T	0.00573335572672062	0.000491667725761202	0.00914787663230352	0.00188504666634597	0.0149983733827097	0.00266059478868782	0.00203484367646871	0.00856575574998038	0.0270078671361568	0.00850103056988068	0.00042334163839405	0.0317969873226248	0.000149303659624667	0.00227794766062581	0.00426368623243561	0.0149721342694888	0.00607215168061135	0.00115984557213991	0.00328429235941965	0.00466495245556494	0.0235282007623272	0	0	0.000314326090150586	0.0145544421638065	0.0198641869113196	0.00130656040739984	0.0153236685612279	0.0033028824964209	0
T[T>G]A	0.00134060048530414	6.30825253140893e-05	0.00482391656951058	0	0.00470169727029484	0.000864407839181237	0	0.00156265902239602	0.0459336519500147	0.00449471166242471	0	0.00170475162936034	0.000475407633482627	0	0	0.00612546167207615	0.000117652347849027	3.24778670817811e-05	0.00289536713735297	2.4362719696583e-07	0	0.00146999776363519	0	0	0.00186396126667488	7.69284663563942e-06	0.00106439754849331	0.00871111484002148	0	0.00777978921209245
T[T>G]C	0.00141935417206764	1.43854840636808e-05	0.00627204869581402	0.000308249201764455	0.00531190888209882	0.0020903336881807	0.00101671935177998	0.00261824426633788	0.00848981268998875	0.00947339162745482	0	0.00277496243817594	0.00023447989012767	0.00157595180868561	0.000435139643096464	0.00711975150851797	0.00971114626114165	0.00331256824962888	0.00186557193212248	0.000391141041984456	0.00185349722517749	0	0	0	0.000593899734180094	0.00280674913886845	0.000287419043812804	0.0320053501458686	0	0.00445583071786679
T[T>G]G	0.00213245568411576	0.000198861706806935	0.0107758516440114	0.0029453636890277	0.00598916793446656	0.00115635630260469	0.00097148938051519	0.00591670964291555	0.00881318181464464	0.00216459829783256	0.000291045229435297	0.00108024682299351	4.56025581609685e-07	0.000200779162071475	0.000935509360110958	0.00483113077207128	0.00436523753069062	0.00073858650009714	0.00108935428729579	0.000510648003587264	0.000295173698936992	0.00250614703725917	0.000245081995664493	0.0013681579568268	0.00924191805941064	0.00135071657919755	0.00230551947964906	0.0128945957870894	0.000352282842184979	0.00812803511328279
T[T>G]T	0.00369278702074169	1.98221000831179e-05	0.0110383968704441	0.000942523333172984	0.0115410465532247	0.00660561464777667	0.00118699214460675	0.0061857719680034	0.0476352349165224	0.0543550742498431	0.00025400498303643	0.002742597289283	0.000557149169038108	0.00219033428906328	0.0029936520355399	0.0140256200340614	0.0488928248509817	0.00181643031590312	0.00112357370190672	0.000532328085117859	0.000257608037543728	0	0	6.10100365784426e-05	0.00673171646687326	0.00221105426921895	0.000119339254330343	0.207067744370009	0.00530660820106974	0
