Type	Signature_1A	Signature_1B	Signature_2	Signature_3	Signature_4	Signature_5	Signature_6	Signature_7	Signature_8	Signature_9	Signature_10	Signature_11	Signature_12	Signature_13	Signature_14	Signature_15	Signature_16	Signature_17	Signature_18	Signature_19	Signature_20	Signature_21
A[C>A]A	0.013536426544462	0.0120999770628895	0.0116450467536506	0.0268616265718492	0.0412774453482275	0.0169708930493743	0.00205849672744837	0.000447610557940739	0.0417350483317355	0.0138431070202168	0.000793331949270901	0.00022349689755819	0.00871010339887067	0.000770697320029605	0.00011563542865238	0.00155650762618156	0.0182844062595667	0.00200102899081952	0.0564877605006006	0.0122056949692435	0.00148104899057641	0.000113333597807448
A[C>A]C	0.00996312654523362	0.00969518202353486	0.00606182763642575	0.0197564587773335	0.0313112378282589	0.00908301948157939	0.00303795335770806	0.00050133975648221	0.029164652742427	0.00692546508293384	0.00101549716556363	0.00100129792033357	0.00476378611532685	9.86523919422162e-05	0.00435173074046562	0.00429130816333564	0.00987071315521957	0.000298829825518137	0.00769342555998702	0.0075636646503128	0.00244996073902404	0.000710850914888258
A[C>A]G	0.00145217036129436	0.0014911162108232	0.00115487662461209	0.00170339342994886	0.0165772061252808	0.00200715730448931	0.000484966304864571	0	0.00154433788246982	0.000462021978986974	0.000272344406905921	0	0.00154035849529245	8.81913742498107e-05	0.000463128193769981	0	0.00200132660306642	0	0.00153841524704262	0.000456866211744791	0	0
A[C>A]T	0.00677120785475372	0.00693211243708421	0.00364916288689221	0.0171194221058229	0.0244380083012133	0.0093184964321078	0.00204594732546511	0.000398052090971809	0.030256169507969	0.00697590938910539	0.00927223264537426	0.00019875180739264	0.00462732501788054	0.000195819254229457	0.0304384275823811	0.00606907275854574	0.00888745154989759	0.00316351896039205	0.0181845482045336	0.0075067169782031	0.00293808027727044	0.00060471329084135
A[C>G]A	0.0021754971232171	0.00593364259814774	0.00532344994452598	0.0241754639146643	0.0109696224624057	0.0133261374951463	0.00157414455628405	0	0.00963988888097153	0.00553724280808672	0.000566665678050644	0.000782239141453666	0.00350666500474014	0.00198179310864756	0.00011563542865238	0.00131704491446132	0.0054512515556472	0.00177869243628402	0.00158165729401682	0.00661617110482356	0.000569634227144771	0.000566667989037242
A[C>G]C	0.00281566619756602	0.00448271857002149	0.00308060092998686	0.0109312386128394	0.00547186680493845	0.00745011710286849	0.00130198001044631	0	0.00375990296679372	0.00237739846130565	0.00030464914966909	0.00030038937610007	0.00152035727084899	0.00138113348719103	0	0.000107282704083391	0.00244223830644608	0.00159375906943006	0.00172089782262868	0.00194202200481004	0.00224579734410537	0.00081240104558658
A[C>G]G	0.000580868144517742	0.0011183371581174	0.000177673326863399	0.00340678685989771	0.00280816060045741	0.00209839172742064	0	0	0.000726747238809328	0	0	0	0	0.000617339619748675	0	0.000575439211563682	0	0	0.00244336539236181	0	0	0
A[C>G]T	0.00322438469273987	0.00558707569556041	0.00611481348614371	0.0207025569651812	0.00543066851138074	0.0118506965495284	0.00193826588728273	9.95130227429524e-05	0.00816916576715162	0.00389830230567654	0.00020157027489944	0.000894383133266879	0.00251485055319595	0.0013707347796062	0.000102832525616152	0.00106474960676241	0.0073725450357105	0.00118631961014702	0.00432008603754112	0.00730383273554896	0.000607878678055953	0.00181413987252405
A[C>T]A	0.0358957025330822	0.0308316723237089	0.00820698533114422	0.0207058371491337	0.0135706669638008	0.0249437958242481	0.0377794693508172	0	0.0259709947499115	0.010728407940668	0	0.0251434009752964	0.0136873053410825	0.00143129502291212	0.0338811805951473	0.014008568635634	0.0153316450002578	0.0105609863404364	0.00395414323504204	0.0252098933476898	0.0337223462469705	0.00578001348817987
A[C>T]C	0.0155944589403657	0.0172011293965941	0.00357747204772667	0.00952722631394257	0.00759981500685896	0.0130632190296872	0.0176852284752291	0.0197527864053991	0.00650361594256211	0.00578844842752679	0.00324959092980363	0.110042641444659	0.00547328617505638	0.00157843827107546	0.0332596563735587	0.0181307769900931	0.00773375463707925	0.0042832274990933	0.00141720997157656	0.0207489719461284	0.0227642185334317	0.006296108103296
A[C>T]G	0.165547421187557	0.0627200756177508	0.00426415984472157	0.00179304571573564	0.00253640312299379	0.0151449142066011	0.0880698809634061	8.96356210321367e-05	0.0266171176213917	0.0115505494746744	0.0114384650900487	0.00644487206850303	0.00172157714179744	0.00352765496999243	0.0459423168219821	0.0296351193955296	0.00318392868669657	0.00837045431702233	0.00814455130787269	0.0336253531844166	0.0311186503189723	0.0232401508340045
A[C>T]T	0.0136498951992654	0.019658229299194	0.00453679710262275	0.0146311340090463	0.00593350818836044	0.016712520774976	0.0160445342891737	0.00427905997794695	0.0209776108588585	0.00779660461135308	0.00473690146013685	0.0635012024619484	0.00673979948256513	0.00117491552537674	0.0284846095956742	0.00702734740463191	0.0102003705288597	0.00573387811571059	0.00482242162330172	0.0269836042730003	0.0184389865676972	0.00302356645420675
A[T>A]A	0.00407476356871659	0.00451092342153269	0.00196303321136304	0.0091505924868128	0.00457527917471641	0.00835206942742864	0.000612362975932211	0.000943184696445032	0.0108015967662658	0.0117650591702396	0	0.000188377016350661	0.00552989638678204	0.000185597541676105	0	0.00211925692198122	0.00775347552234579	0.000562197022330199	0.00276146005686041	0.0010576155677989	9.6024595681744e-05	0.00792853929948013
A[T>A]C	0.00236901930181126	0.0124391975192696	0.00237149978328187	0.00877533385095723	0.00392956488073664	0.00740800383308561	0.00356020585055666	0.000797609333956582	0.00949819028349876	0.00431679605300029	0.000201951373142484	9.9563788454221e-05	0.00655097364465326	0.000588568437966929	0.00082421556500836	0.00960086405206699	0.00738648391613952	0.00188189065952176	0.00080525652007606	0.00538659736638023	0.00192858854657922	0.0294850207246769
A[T>A]G	0.00304512193649871	0.0083753283640454	0.00289408034418476	0.00795625703771589	0.0101760819294156	0.0116837949832867	0	0.000906240544404441	0.0107152682910236	0.00705865395329392	0	0.00070388253839504	0.00468221191084409	0.000594425877358659	0	0.000969641195383263	0.00817533620065841	0.00110035851634189	0.00447298742868605	0.0046190418461334	0.000205029671624075	0.00275348736675511
A[T>A]T	0.00760078447886591	0.00793392397847511	0.00210080752199089	0.00839557755450636	0.00257060601224303	0.009406742237479	0.00486263248133904	0.00296758175599852	0.0226856562269107	0.016170311138489	0.00103046315608643	0.000254013662016728	0.00514254562469557	0.00108448482333427	0.000788547286654415	0.00716686641264525	0.00722817385645266	0.00168463255447922	0	0.00285224608168138	0.00457505436796218	0.0036925080347705
A[T>C]A	0.0142616724905081	0.0315764639507289	0.00476736637045309	0.013018368692579	0.00800673855575372	0.0337922809017802	0.00765453719915264	0.000471592348222516	0.0156766537138725	0.0245024372801685	0.00296124958944727	0.000565131049051983	0.0444298571765592	0.00278396312514158	0.00253408207930776	0.0116054545727543	0.0686326166607646	0.0025298866004859	0.00180923245104647	0.0139412961209855	0.0158440582874878	0.0253140110164125
A[T>C]C	0.00678400981882316	0.0119208976226333	0.00177862483746141	0.00887505355380902	0.00201516147730084	0.0140041716296687	0.00604156144336887	9.97011667445727e-05	0.00757834331130221	0.0107919901325007	0.00525073570170458	0.00149345682681331	0.0319485945439244	0	0.00473923949879807	0.00778736750889878	0.0173025856117789	0.00812184389898865	0.00140919891013311	0.00487842780351417	0.0210114646916789	0.0166610562314099
A[T>C]G	0.0110929441972453	0.0189491804236527	0.00249489684843513	0.0128911506433878	0.00824262636282661	0.0292094874582166	0.0236440376190309	0.00070485375675901	0.00867426480701909	0.0182694572908784	0.00265149553979274	0.000804437186737189	0.0495703739256754	0.000792567836478212	0.00364182948119196	0.00786486747366425	0.0355627124728641	0.00450146665776229	0.00355805818190936	0.0138571255384002	0.0594586047709817	0.0228437470427091
A[T>C]T	0.00842496592838149	0.0270634962376873	0.00579822876069485	0.0148406673943294	0.00308472721469163	0.0233874050124478	0.00211019900133581	0.00093266855188525	0.017014242170183	0.0215895505470637	0.00343487718695477	0.000254013662016728	0.0214272734362315	0.00108448482333427	0.0021904091295956	0.00571534916451457	0.0427666953173449	0.00261118045944279	0.00462245221462407	0.0138290719111824	0.00690574244220706	0.0162298608970145
A[T>G]A	0.00162990542748664	0.000980635526420151	9.34777719696685e-05	0.000754688040149509	0	0.0031680263345419	0	0	0.00516182500334827	0.0325726844795891	0	0	0.00114411649381697	9.27987708380527e-05	0	0	0.00497753984150594	0	0	0.0013460561771986	0	0
A[T>G]C	0.00193828851966376	0.000932939813945219	0.000494062454850391	0.000997197028517867	0.000201516147730084	0.00223254910038197	0.00183404543816555	0	0.000808356619872235	0.00524182377864321	0.00403902746284968	0	0.00100784209917743	0	0.0020605389125209	0.000640057603471133	0.00424975786955972	0.00643804699310076	0.00110722771510458	0	0.000406018641385099	0.00313025904953762
A[T>G]G	0.00152256096824935	0.003873589368371	0.00169652985693589	0.00815768126651883	0.00152641228941234	0.00563691863228742	0.00076271089093648	0.000906240544404441	0.0062250606262137	0.00539779419957771	0.00152970896526504	0.000100554648342149	0.00183216987815638	0	0.000728365896238392	0.00129285492717768	0.00623369385300204	0.00350114073381512	0.00284644654552749	0.0010264537435852	0.000717603850684262	0.00163169621733636
A[T>G]T	0.00293042293161095	0.00317356959139004	0.000504193805277813	0.00542744407564047	0.000171373734149535	0.00319311433749287	0.00266068569733646	0	0.00360908167246307	0.0168695678363696	0.0117644543653201	0	0.00257127281234778	0	0.00490651645029414	0.00263087501223686	0.00653977634631431	0.025774878083532	0	0.00146933889056313	0.000345287122110353	0.00154570103781091
C[C>A]A	0.00712822435572423	0.00921752377804744	0.00595528186917262	0.0191136374905153	0.0458924688083055	0.00972547253682483	0.010765722539245	0.00118206708912667	0.0302493662344563	0.00995173849663917	0.00309270963892232	0.000688589018984893	0.0134427122800565	0.00339214495548806	0.0057003233419763	0.0111720871603859	0.0158954438760466	0.000978591468125554	0.0959692753610792	0.0112464979070679	0.0178511674524296	0.00199530467849599
C[C>A]C	0.00807584279956647	0.0049376374041836	0.00120172006366712	0.0162711058455561	0.0626986870277688	0.00514231363392206	0.0263504739325571	0.000606263900807112	0.0207883140276865	0.0059374137605829	0.000921021021512117	0.00171538083346367	0.0114398607138263	0.00109357512392993	0.0106502846427031	0.00908149431159821	0.01025475088959	0.000401523525166872	0.0223407936007129	0.0163774388908882	0.0385769127264147	0.00143270520965806
C[C>A]G	0.000771073118232859	0.0010721649485143	0.000471704731837579	0.00142810656519738	0.00705455564993433	0.00226070296793525	0.00781105501843007	0	0	0	0.000562369798966652	0.000792152045968786	0.00224521358735067	0.00109264954557172	0.00073773513775644	0.001273110806648	0.00177110664326984	0.000236411813980227	0.0153763277145988	0.00145552035998571	0.0106602416214248	0.00216914949938719
C[C>A]T	0.00796039177226465	0.0102873344002474	0.00110070311721445	0.0158542715250204	0.0440787497027414	0.0114068828342617	0.0623825238874063	0.00131253005412563	0.0302879853782843	0.00947151162167353	0.0163607218451752	0.00141154625044499	0.00724630330204209	0.00109270786180331	0.131145008657411	0.0246302217204975	0.00860715940318907	0	0.0411804693108593	0.00988042308070274	0.10936875640592	0.00572627599872228
C[C>G]A	0.00138308830782709	0.00215075554821107	0.00410035800828279	0.0150741574023136	0.0104527315073147	0.00761995786390399	0	9.85055907605562e-05	0.00539097616059618	0.0018278703361174	0	0	0.0018919372838598	0.00503975821958226	0	0.000948573438145977	0.00399885380529475	0.00185932378943855	9.94500262809111e-05	0.00020083031976907	0	9.97652339247996e-05
C[C>G]C	0.000763931075634666	0.00325673956446153	0.00180258009550068	0.012531783384155	0.00990516716888205	0.00791916299623997	0	0.000404175933871408	0.00399381402502351	0.00208330307388874	0	0.000201809509819255	0.00194069065680981	0.000397663681429066	0	0.000324339082557079	0.00512737544479498	0.000702666169042026	0.00397849749053791	0.00288407728896145	0.000617230603622635	0
C[C>G]G	0.00042837395457381	0.000989690721705508	0.000157234910612526	0.00230083835504022	0.00505042052211207	0.00209922418451131	0	0.000475947035252695	0.000884326892676564	0	0	0.000633721636775029	0	7.80463961122654e-05	0	0.000339496215106133	0.00225413572779797	0	0.00464493233045173	0.000161724484442856	0	0
C[C>G]T	0.00152665047687267	0.0038839936000934	0.00440281246885781	0.0220142114169073	0.00959120942605946	0.00976264747076448	0.000218502710638901	0.000302891550952069	0.0070603749699379	0.00405921926643151	0	0.000201649464349285	0.00193915158787042	0.00407282021217599	0	0.00183646390021253	0.00819729466970387	0.000902711466142586	0.00591204757433129	0.000823368590058561	0.00010279018459203	0.000306764785645836
C[C>T]A	0.0224485871501166	0.0253993988550641	0.0132773497411062	0.0150741574023136	0.0209054630146294	0.0229601361951844	0.009060261542929	0.0742732154334594	0.00529114326873329	0.00995173849663917	0.00119717792474412	0.0304946565550453	0.0186206458990412	0.00523359507418157	0.00610748929497461	0.0053752494828272	0.0209939824777974	0.021137575711512	0.00656370173454013	0.0439818400294264	0.0110316203357711	0.00339201795344319
C[C>T]C	0.0202987400097211	0.0192252690418213	0.00610874365697454	0.00990415138425156	0.0147045780651445	0.0181009439914057	0.0108244685449094	0.101751291352127	0.00256013719552789	0.00718739560491615	0.00245605605736565	0.153173417952815	0.00960131167053275	0.00198831840714533	0.0174372307385433	0.00951394642167432	0.0100496558717982	0.003914854370377	0.00357044646586736	0.077561078520999	0.0191341487123017	0.0093125838627774
C[C>T]G	0.081391051369024	0.0368659793835302	0.00385225531000689	0.00174546357968569	0.00609257078857964	0.0104153815308446	0.077338028259401	0.0164994972220934	0.0104511360043594	0.00621488315051341	0.00875690115533787	0.0106940526205786	0.00368856517921896	0.00335599503282741	0.0240173772625152	0.0131554783353627	0.0012880775587417	0.0105597276911168	0.0149759025136978	0.0192452136486999	0.0373916050812098	0.0255477607705603
C[C>T]T	0.0187559915730071	0.0237238528005705	0.0103065837339171	0.0166621324944482	0.0205088627089144	0.0210667655948076	0.0095048679127922	0.0795595140500768	0.0165765325381151	0.0100960068934322	0.00439694399589084	0.0822729814545081	0.0209224250270229	0.00327812358540994	0.019405705338328	0.0103706196717884	0.021620364691344	0.0098295248535526	0.00193670523986715	0.119285524484734	0.0143906258428842	0.00409019714194449
C[T>A]A	0.00134457231452736	0.00151006678066355	0.000308453784114166	0.00736709592391125	0.00786317824260145	0.00527965254951255	0.000112258224719985	0	0.00988320641928009	0.00588209358925393	0	0.000414398719675315	0.00178278272510258	0.000102071082151411	0	0.00177600749238159	0.0056854606287938	0	0.000314211819732487	0.00454740987585003	0	0
C[T>A]C	0.00213271557395387	0.00475441640099131	0.00164803052420185	0.0138250285776381	0.0116583276454782	0.0065584837797511	0.00292393651330927	0.00145499565814438	0.0139033790920803	0.00524978770668209	0.00010525681776029	0.00114163564338845	0.00903492117351464	0.00102253725489378	0.00365143154243673	0.00478156085378702	0.0135007621785528	0.0106343617947626	0.0024132678100869	0.00561497640267215	0.00486717806374211	0.0038945181397629
C[T>A]G	0.00164444887125455	0.00295496503820734	0.00321917824079136	0.0116751377601087	0.0350823890528758	0.0108480289364277	0.000878687309850011	0.000710528460237825	0.0124474841000524	0.00533661182552972	0.000308404898258457	0.000608185219454514	0.00318080750226979	0.000399474358394764	0.000209779969565659	0.00293234302406247	0.0133918768307288	0.00453770749248528	0.00666102122064717	0.00217290699095618	0.00124008206370612	0.00257005130000915
C[T>A]T	0.00249099098375255	0.00653982195120295	0.00259749914131561	0.0170911834800871	0.012183757698729	0.0104570207635799	0.00124783571374299	0.00188701912657623	0.0217806296098386	0.00745701278419665	0.000955570822793167	0.000418759778205419	0.00572255284410721	0.000103145260092506	0.00216662812702138	0.000785180322420686	0.0102138549453038	0.0328061220241334	0.00402190136885884	0.00235106633058483	0.00266826861159508	0.00106174968868891
C[T>C]A	0.00470600310084575	0.00862895303236313	0.00174790477664694	0.00798966741043896	0.00545180358153701	0.0150998062916059	0.00696000993263908	0.00103742626939319	0.00641357012314984	0.016469862049911	0.000525344051827367	0.000103599679918829	0.0327193064842356	0.000816568657211287	0.000643219312297292	0.00355201498476318	0.0153718009593314	0.00772963611658282	0	0.00697974539083959	0.0156316455193229	0.0230101633101356
C[T>C]C	0.00594915396945028	0.0105893819840261	0.00195703624748969	0.0144487140773812	0.00273077944849039	0.0133285315523974	0.00449836386662964	0.000831426090368218	0.0113754919844294	0.0126423459058875	0.00199987953744551	0.000415140233959436	0.0404470308349202	0.00112479098038316	0.00569193740438667	0.0055599544811477	0.020462092676869	0.0415049848688793	0.00356743937143281	0.00741600656956699	0.0207384108802925	0.0105257247020619
C[T>C]G	0.00778372465727155	0.0125586014123812	0.00110659252027203	0.00903554139695366	0.0102580084949929	0.0195264520855699	0.0296556967074379	0.00101504065748261	0.00833261332317558	0.0161144749241486	0.00154202449129228	0.000101364203242419	0.0425817778529666	0.000399474358394764	0.00167823975652527	0.0139014780399998	0.0195727430602959	0.0292430038404607	0.00256193123871045	0.00413887045896416	0.081638735860653	0.0216912329720772
C[T>C]T	0.00769942667705332	0.0173305281706878	0.00374039876349448	0.0122679047065656	0.00572106883244668	0.0203805200596301	0.00374350714122896	0.00471754781644057	0.012643389871077	0.0297199784877403	0.00212349071731815	0.000942209500962193	0.0343353170646432	0.000412581040370025	0.00292494797147887	0.00392590161210343	0.0279817067772384	0.107062518859711	0.000952555587361304	0.00566393252368163	0.0117403818910183	0.0216596936492538
C[T>G]A	0.000336143078631839	0.000970757216140852	0.000102817928038055	0.000726333400948996	0	0.00211186101980502	0.000112258224719985	0	0.0029439338270196	0.0231005857323427	0.00231151382804041	0	0.00136330443684315	0	0	0	0.000210572615881252	0	0	0	0	0
C[T>G]C	0.00235721195015954	0.0024852631187	0.00123602289315138	0.00592501224755918	0.0013653897242452	0.00370236987566594	0.00449836386662964	0.000831426090368218	0.00126394355382549	0.00685686557607456	0.00189462271968522	0.000103785058489859	0.00514780392444439	0.000204507450978757	0.00214790090731572	0.00211278270283613	0.00864892577063536	0.020133015048337	0.00251819249748198	0.00116537246093196	0.00962854790870722	0.000526286235103094
C[T>G]G	0.00175407879600486	0.00337710290080839	0.00140839048034622	0.00974620195626462	0.00471868390769675	0.00743864841355045	0.00549179568656257	0.000913536591734347	0.00617230616531524	0.0131845703924852	0.0038036604118543	0.00111500623566661	0.00461730121297228	9.9868589598691e-05	0.000524449923914147	0.000760237080312491	0.00690196728968328	0.0135122845331784	0.00655854397109875	0.00134513289916335	0.0172578087199102	0.000411208208001464
C[T>G]T	0.0031703521611396	0.00773878930892349	0.00114289962217887	0.0109048041836139	0.00127134862943259	0.0123776980466864	0.00975580648926334	0.00136284714697172	0.00818101697540279	0.0550089783645811	0.0193237655275951	0.000942209500962193	0.00667631165145841	0.000618871560555037	0.00682487860011735	0.00504758778699013	0.019789343956526	0.269843371950888	0.00222262970384304	0.00203046637641417	0.00181442265588465	0.00339759900380452
G[C>A]A	0.00859665907942504	0.016850140089413	0.00883894618019223	0.0102629082598944	0.0364395827152596	0.0116153150252708	0.00249045159295596	0.00028769160473868	0.0259495581247179	0.0116654082215629	0.00135972331320762	0.000383060259099278	0.00601021320638418	0.000849168590228465	0.00178372961638957	0.00246254823395805	0.00934311776197198	0.00628767976400965	0.136124180120827	0.00312819859412792	0.0011715826234326	9.71234898897674e-05
G[C>A]C	0.00551264650649863	0.00613016484626951	0.00375030454192758	0.0102980043311934	0.0354845241044123	0.00833004829884511	0.00552300448529672	8.80007702271858e-05	0.0102564504274601	0.0083461522062333	0.00196076582268664	0.000878795139193794	0.00498157594127675	0.000346331459391344	0.0103667328943304	0.00932157370788067	0.00839516009813106	0.00113650243552947	0.0135043623852001	0.00278090767911792	0.00304614892531986	0.00338679114211395
G[C>A]G	0.000481458052772235	0.00115868040701617	0.000809964191249125	0.000743091445948032	0.0170438224035878	0.00211737438986264	0.00168826940677768	0	0	0	0.000150490157499452	0	0.00112653591218303	0.000146196508513558	0.000844509999410261	0.00103340949913781	0.00271443023071565	0.000959500983731403	0.00727574188334197	0	0.00310120964009557	0.000225736156846853
G[C>A]T	0.00494289776530683	0.00856484154399056	0.00272144027430931	0.0137321310706147	0.026516900471242	0.0107655165614169	0.00957422475010432	0.000101700581580233	0.0209233994358592	0.0089115728570971	0.00906405814381256	0.000609362689770734	0.00277574429297247	0.00100061939085021	0.0773484891322216	0.0336240084357137	0.00650247425915287	0.00313202828464016	0.0788548988176901	0.0074643902526082	0.0138743925058249	0.0023690248580405
G[C>G]A	0.000621445234657231	0.00229321433169526	0.00237606080112694	0.0106465683817596	0.00678396486720258	0.00546603060012741	0	0	0.00320724875698761	0.00108745330878976	0	0	0.00116326707220339	0.000943520655809406	0.000198192179598841	0.00225733588112821	0.00301704844397012	0.00123848237775948	0.000871349659379402	0.00195512412132995	0.0013668463940047	0.00038849395955907
G[C>G]C	0.00228109510613737	0.00265335493345994	0.00200597684800777	0.00792154179322573	0.00809296163784842	0.0048368022380391	0.0028567264579121	0.000352003080908743	0.00222966313640437	0.00263085232587789	0.000178251438426059	0.000175759027838759	0.000978523845607932	0.000952411513326197	9.09362534590388e-05	0.000470786550903064	0.00285792684191696	0.000174846528542996	0.00026653346812895	0	0.0017022596935611	0.00374329547286279
G[C>G]G	0	0.00015449072093549	7.3633108295375e-05	0.000817400590542836	0.00465514092080371	0.000831825653160322	0	0	0	0	0	0	0	0	0	0.000476958230371296	0	0	0.00037503824140938	0	0	0
G[C>G]T	0.000988579553061366	0.00380659624177358	0.00393096928511345	0.0166819962635616	0.00616672103982372	0.00631438952160028	0.00187082552588245	0	0.0045351210599892	0.00461304947896791	0.000412002642900571	0	0.00092524809765749	0.00130080520810528	0.000315279167658512	0.00195868010305128	0.00299320243675291	0.00181859706850074	0.00154013474253301	0	0.00124248291096939	0.000412004323137478
G[C>T]A	0.0258935514440513	0.0230318482878959	0.00522733376247928	0.0173606205144008	0.00843149919209464	0.0197167532361739	0.0677610370916768	0	0.00349881682580466	0.00612928228590593	0	0.0249946819062279	0.0120204264127684	0.00358537849207574	0.0551965220182773	0.0488405399735014	0.0121655179192344	0.00200062537945762	0.00309813212223787	0.03656082106887	0.0532093774808973	0.0158311288520321
G[C>T]C	0.0258524112028901	0.0232397294172008	0.00252927515618372	0.00862567884151246	0.00711469154975685	0.0163018149504281	0.0736083183988683	0.018480161747709	0.00222966313640437	0.00625961415467498	0.0119428463745459	0.0856825260713949	0.00818401761781179	0.00199140589150023	0.056198604637686	0.126641582192924	0.00821653967051125	0.000262269792814494	0.00453106895819216	0.0550799133864001	0.047394493573359	0.0349374244133861
G[C>T]G	0.0823293270240522	0.037850226629195	0.0014726621659075	0.000668782301353229	0.00172690711578202	0.0100575283518475	0.107647273127396	0.000148590663710753	0.013327465435789	0.00673994261546697	0.020316171262426	0.00667736642505117	0.00172735506534731	0.00233914413621692	0.0750846163112032	0.14539276722485	0.000678607557678912	0.00560939036642974	0.0100510248697714	0.0210544900474586	0	0.00142966232669673
G[C>T]T	0.0194420645435402	0.0244256592180471	0.0041325574535808	0.0119011802611994	0.00842785208775909	0.020288858134978	0.057665445621318	0.0163737936344175	0.00546275945862335	0.0105890453949036	0.0156561004302217	0.0530145540100538	0.011822614581179	0.00240148653804051	0.0583266460168247	0.0870524490245014	0.0119728097470116	0.000909298534250368	0.00164281039203521	0.0950673036339128	0.0509417993497452	0.0170981794102053
G[T>A]A	0.00075446258347625	0.00176381806894909	0.000395608475147797	0.00449145690996186	0.0069586131831065	0.00680529395002664	0	0	0.00637158248456779	0.00308622257181572	0	0.000298962293205215	0.0015131343927184	0.000196367432884174	0	0	0.00303829472153796	0	0.00211571568487168	0.00264487858853486	0	0
G[T>A]C	0.000592525614513754	0.00342234335675557	0.00130492124050436	0.00680399321514253	0.00576599693292485	0.00446713972021944	0.00332437806186683	0	0.00611599199623999	0.0032802084652585	0.000111124039825107	0.000328710725393863	0.00432561944900311	0	0.00283453641108206	0.00446110673317989	0.0044541628808533	0.00283403585457173	0.00166160093790051	0	0.00446824708076445	0.0157796780078817
G[T>A]G	0.00137534321879577	0.00220660724420382	0.00147239322123386	0.00912774193629907	0.0142631491537819	0.00734465122049347	0.000688963708926089	0.000636700831570554	0.00666789308799353	0.00306305078845962	0	0.000423882347438814	0.00203812127584542	0.000417628026861275	0	0.00295205935116158	0.00549248650502175	0.00379513485506376	0.00149987900046133	0.00173078273174519	0.000864290810375133	0.00333168708877446
G[T>A]T	0.00231131615917483	0.00233092307510008	0.00191893202586541	0.00896928430539469	0.00463432527649558	0.00528984146879562	0.00231565900316894	0.00101904739500491	0.0143556200382587	0.00378188992126331	0.000412829713910475	0.000101764324906074	0.0031933633153563	0.000100262807527101	0.000947736215986898	0.00468846209043176	0.00341289540574108	0.00394820355555908	0.00401238882773869	0.00540177052701477	0.00186746568321627	0.00423152182458367
G[T>C]A	0.012179181704688	0.0120354644704762	0.00128572754423034	0.00808462243793135	0.00615181745173183	0.0166577344448413	0.0131739117051548	0.000199583201268656	0.00687726363413666	0.00936154180117434	0.00646830569686538	0.000996540977350717	0.0578017338018427	0.000785469731536694	0.0080433909006164	0.0208207404397409	0.0163055150055871	0	0.000402993463785083	0.00396731788280229	0.000203193460187866	0.144122524069066
G[T>C]C	0.00829535860319256	0.0112937330772934	0.000869947493669572	0.0070234768672439	0.00177415290243842	0.0107211353285267	0.00700493948750511	0.000109721427010222	0.00633839170519417	0.010971731763106	0.0112235280223359	0.00175312386876727	0.030390249462227	0.00107953549283856	0.0143994449682969	0.0585813752593886	0.0110240531301119	0.010682135144155	0.00276933489650086	0.00335545258424129	0.00145218030124844	0.0738977878538121
G[T>C]G	0.00573059674498239	0.0111433665832293	0.00105170944373847	0.00732342085586786	0.00450415236435217	0.0153373599016187	0.0132051377544167	0.000318350415785277	0.00569997312360737	0.010283099075543	0.00580356029290253	0.00201344115033437	0.0439805117419274	0.000104407006715319	0.00899184067730336	0.0174852746184186	0.0159389804459455	0.00495475939411102	0.00707085814503196	0.00649043524404448	0.0310064328222079	0.0950068189186006
G[T>C]T	0.011776706144367	0.0153629020858869	0.00171693918103747	0.00876543693481754	0.00247164014746431	0.0162844139333512	0.00463131800633789	0.00825428389953975	0.00733272678213213	0.0132366147244216	0.0127977211312247	0.0023405794728397	0.0417197465393323	0.000701839652689704	0.00905614606387481	0.010249196197688	0.0146857923519768	0.00830135106553447	0.004938324711063	0.0102841400418166	0.000726236654584105	0.10351747292823
G[T>G]A	0.000107780369068036	0.000518770020279145	0	0.00359316552796949	0	0.00162514482388696	0	0	0.000202272459827549	0.00740693417235772	0	0	0	0	0	0	0	0	0.00161197385514033	0	0	0
G[T>G]C	0.000237010245805502	0.00102670300702667	0.000543717183543482	0.00504812399833155	0	0.000335035479016458	0.00189964460678105	0	0	0.000678663820398311	0.00222248079650215	0	0.000443653276820832	0	0.00215424767242236	0.00258274600341994	0.00356333030468264	0.00991912549100105	0	0	0.00346289148759245	0.000666746958079507
G[T>G]G	0.00137534321879577	0.00518552702387899	0.0017879060543554	0.0187861665433132	0.00193035101329379	0.00648057460631777	0.00114827284821015	0.0018039856894499	0.00623770643715524	0.00546973355082075	0.000967260048817088	0.00105970586859704	0.00117996494917366	0.000313221020145956	0.00131587912350781	0.00420100753819147	0.000861566510591647	0.00506017980675167	0.0126418372896026	0.00465147859156521	0.00324109053890675	0.000429895108228962
G[T>G]T	0.000880501393971365	0.00233092307510008	0.000504982112069844	0.00703273428491175	0.000205970012288693	0.00342283859745599	0.00385943167194824	0.000917142655504417	0.00774583815013957	0.0194347120953809	0.00309622285432856	0	0.00329637503520651	0.00110289088279811	0.00400155291194468	0.0207164603995822	0.00455052720765478	0.064082380786382	0.003292216474042	0.0025970050610648	0.00373493136643254	0.000825662795040717
T[C>A]A	0.0128995078548117	0.0134190402031286	0.0235784004087469	0.0132943038269256	0.0321217601096181	0.0145092709675215	0.00177180380011494	0.000963176279267197	0.027918018013903	0.0220430026431515	0.0364832865899678	0.00086566420634664	0.00642601846111376	0.033547064116129	0.000497652702533492	0.0058741929016441	0.0119256007241079	0.00172233976512994	0.062817741595343	0.0050074239096235	0.000686419417054106	9.75492924513145e-05
T[C>A]C	0.0127754579401189	0.012951205483407	0.0143167040886305	0.0183219266030597	0.0569133627787228	0.0128918672019522	0.00328481777571783	0.0020935452439966	0.0176105619693689	0.00464015844822242	0.0109195855244985	0.00261332568362301	0.0104756216567136	0.0173024305735614	0.0179560591536843	0.00694403042226142	0.0154040533210703	0.00135187411573259	0.0414269008225114	0.00672250770897009	0.00447597227078892	0.000530079128978498
T[C>A]G	0.00224298644496433	0.0031918533509556	0.00250566365519063	0.00144495343909387	0.00948999733951301	0.0035842297472092	0.00107474825697393	0.000180585606015297	0.00164716995495499	0	0.0028348586108768	9.01683885066624e-05	0.00173419923839268	0.00346468072989669	0	0.00241524234331125	0.00366545407331787	0.00197340562239413	0.014311884080414	0.00165677695294017	0.00101118719672894	0
T[C>A]T	0.0183176463911842	0.021728839880582	0.0162665390883156	0.0198085006958419	0.0409141596325509	0.0203808119797654	0.00686722406255637	0.0014224455384155	0.0516762491447007	0.0363211981712947	0.34165076223946	0.000437072476909638	0.00541976717227054	0.0197010268610494	0.0583435137271319	0.0169757068710685	0.0174343838390154	0.00532634042501775	0.124276450255775	0.00970398132156502	0.0134791779584447	0.000443272339365562
T[C>G]A	0.00197653749388244	0.00200284182136247	0.122283121148198	0.0168587186211013	0.00311483734396297	0.00264696159542621	0	0.000192635255853439	0.00517361872285616	0.00327666255506306	0	9.61849118162933e-05	0.00233673398585955	0.214833882348205	0	0.000927504142364858	0.00488754128037209	0.000382742170028877	0.00213930389333985	0.000490923912708186	0	0.000195098584902629
T[C>G]C	0.00237420014816369	0.00391801174287943	0.0351692948264185	0.0187407134968439	0.0111076265646206	0.00852354856327418	0.000226539156946057	0.0010467726219983	0.00519829841264505	0.0026977665396642	0	0.00114986330079412	0.00285698772455825	0.0613824322728726	0	0.00291201275772253	0.00679903043136897	0.000623941899568888	0.0088771930333953	0.00117377118728049	0.000106570768352117	0.000318047477387099
T[C>G]G	0.000292563449343173	0.000751024317871905	0.00492183932269588	0.00180619179886734	0.00282874920697022	0.00119474324906973	0	0.000270878409022945	0	0	0	0.000270505165519987	0	0.00941682454792433	0	0	0	0	0.00127621896258469	0	0	0
T[C>G]T	0.00378170764205092	0.00784968561130975	0.161255624162169	0.0330506475698577	0.00552894049088526	0.00746182733685401	0.000118400414871662	0.000765932212992962	0.0115328968048259	0.00552713885215354	0.000110817632902841	0.000874144953819276	0.00165911239967466	0.283027320315294	0.000113068825052581	0.00175610760735192	0.0187669482088765	0.00304362310001014	0.00364544254083606	0.0117117015949923	0.000556990824729121	0.000332454254524172
T[C>T]A	0.0150841019269976	0.0229325388546003	0.201991478805297	0.0102115667076385	0.00340685334495949	0.0108819532256411	0.00771255771814738	0.115773788767917	0.00624738864646781	0.00496464023494402	0.00360930910114655	0.0290478433685206	0.0134362204186924	0.143570062530891	0.00915680972661625	0.0115422737716516	0.01681314200448	0.0156924289711839	0.015947538113988	0.0214042825940769	0.0104924110892556	0.00624315471688413
T[C>T]C	0.0201241726844351	0.0254670763287163	0.0531170470534698	0.0148669347293399	0.00740508437641375	0.0221612262645129	0.00758906175769291	0.302203255970909	0.00700178969866475	0.0090644955732717	0.0223692480162057	0.166102980451078	0.0100523642160383	0.031515141401844	0.0306118357861003	0.0174720765463352	0.0139167654142084	0.0176783538211185	0.00507268173336874	0.0352131356184148	0.00831251993146514	0.00911736101843016
T[C>T]G	0.0739210315340418	0.0358614111783835	0.023803804724311	0.000903095899433669	0.00100374971860234	0.00680084618701233	0.0382024153160733	0.0895704605835872	0.00860188754254272	0.00437484824786152	0.195788138254427	0.00721347108053299	0.000912736441259308	0.0191890009655817	0.00877064580993448	0.0100474081481748	0.00329890866598608	0.014800542167956	0.0121240801445545	0.00828388476470083	0.0224299705456237	0.0115223755380112
T[C>T]T	0.0163086142063446	0.0303748704089812	0.113106668460755	0.00995896996310281	0.00851456835596331	0.0131417257574444	0.00556481949896809	0.0923495411094372	0.0160795195836515	0.0108286802001375	0.0434405120979138	0.104241785742949	0.00995467439804793	0.0807419133649566	0.0258927609370411	0.00889761187724971	0.0214320769485986	0.0218488658250728	0.00165701933674366	0.0297811840558375	0.0109170201646908	0.007092357429849
T[T>A]A	0.00527258543414197	0.00406049342936169	0.00175936869809979	0.00585922167120987	0.00403652259822585	0.0079501629108253	0.000192090630929164	0.000887595840426419	0.0172714682519515	0.0196727792216198	0	0.000265911846494634	0.00511425488808103	8.7329452336317e-05	0	0.000759753685303394	0.00765682709009518	0.000529062590181121	0.00080649520578605	0.00352872869864893	9.03651554430324e-05	0.00242715419613475
T[T>A]C	0.00219622465772463	0.00581399503492506	0.00241837663603466	0.00976232041765272	0.00472648776038831	0.00703700889744102	0.000880140500286612	0.00152507902766997	0.010201148177915	0.00282993756332958	0.000823773184996071	0	0.0135664830310824	0.000500168771228267	0.00168101526259799	0.0020669133047082	0.00897707798900092	0.00262612251362074	0.00246352148277011	0.00497485848565994	0.000724577545958061	0.00463374306294372
T[T>A]G	0.00115418764348133	0.00232314742640211	0.000481415056483828	0.00651018897701343	0.00805066075000904	0.00702060443339204	0	0.00097148938051519	0.00659668326029033	0.0140209710687528	0	0	0.00363355749552362	0.000573501801294026	0	0.000623672906740639	0.00621145384980593	0	0.00186352696317052	0.00514967481267102	0	0
T[T>A]T	0.00357133092072512	0.00484834343712364	0.00243685346177605	0.0122961328429237	0.0038557772720713	0.00871604132304391	0.000642212535200509	0.00423925765930981	0.0207085467777768	0.0121491700062323	0.00240433187835009	0.00067734662143048	0.00805637953726881	0.000583933414256524	0.00105136045875037	0.000272150185049081	0.00688373989401784	0.00320069249051009	0.00179755888571825	0.00734644343554396	0.000863188311388562	0.000686954766783275
T[T>C]A	0.00776508036664545	0.00784413503399417	0.00211124243771975	0.00807862381939542	0.00251161406111831	0.0153582692595489	0.00566667361241033	0.00204147043298076	0.00593706721160834	0.0142742025980125	0.00269682699745482	0.000177274564329756	0.0448618849831669	0.000436647261681585	0.00165096682893222	0.00645790632507885	0.0221597584019225	0.00149901067217984	0.000179221156841344	0.00470497159819858	0.00361460621772129	0.0349689993443117
T[T>C]C	0.00527093917853911	0.0109937360660401	0.00151148539752166	0.0106775379568077	0.00164399574274376	0.0146949303446563	0.00385061468875393	0.00183009483320396	0.00762510065823949	0.014359312821339	0.00998824986807736	0.00091378657228302	0.0351495242168953	0.000600202525473921	0.00588355341909295	0.0107697061666375	0.0188828192182433	0.0113125277509816	0.00708262426296406	0.00207285770235831	0.011696751813323	0.0322302573044752
T[T>C]G	0.00881379655022107	0.00757548073826774	0.000770264090374124	0.00641302197735651	0.00353443642683324	0.0124591008254563	0.0111430698250998	0.00184582982297886	0.00285528081415552	0.00981467974812698	0.00639540406177801	0.000679105535349026	0.0314253621234475	0.000191167267098009	0.00341324575521508	0.00405387389381415	0.0162680934161584	0.00579068382904874	0.00107888403130925	0.00564483585235093	0.0239353159869688	0.0244994170117703
T[T>C]T	0.00558592785036494	0.0124293895388079	0.00201670631319397	0.00915849894507419	0.00188504666634597	0.0149294569196693	0.00266059478868782	0.00203484367646871	0.0101394544389115	0.0270078671361568	0.00850103056988068	0.00042334163839405	0.0317969873226248	0.00100102871015404	0.00227794766062581	0.00426368623243561	0.0149721342694888	0.00606446998201912	0.00119837259047884	0.00328429235941965	0.0035390720766931	0.0235282007623272
T[T>G]A	0.00134211265596341	0.000830555474187618	0.000351873739619958	0.00284083474967751	0	0.00460748077786466	0.000864407839181237	0	0.00260871135055518	0.0459336519500147	0.00449471166242471	0	0.00170475162936034	8.7329452336317e-05	0	0	0.00612546167207615	0	0	0.00289536713735297	0	0
T[T>G]C	0.00142754602752101	0.00369981502222504	0.00141071970435355	0.00569468691029742	0.000308249201764455	0.00527775667308077	0.0020903336881807	0.00101671935177998	0.00319429892439762	0.00848981268998875	0.00947339162745482	0	0.00277496243817594	0.000400135016982614	0.00157595180868561	0.000435139643096464	0.00711975150851797	0.00969645235798425	0.00369528222415516	0.00186557193212248	0.000414044311976035	0.00185349722517749
T[T>G]G	0.00209852298814787	0.00292918588546353	0.00231079227112237	0.00961953296603477	0.0029453636890277	0.00593290515497918	0.00115635630260469	0.00097148938051519	0.00659668326029033	0.00881318181464464	0.00216459829783256	0.000291045229435297	0.00108024682299351	9.55836335490044e-05	0.000200779162071475	0.000935509360110958	0.00483113077207128	0.00434301287178656	0.00078464293186127	0.00108935428729579	0.000395625057635848	0.000295173698936992
T[T>G]T	0.00366290350843602	0.00749289440282744	0.00168058859432831	0.00958250352586466	0.000942523333172984	0.0113912619271465	0.00660561464777667	0.00118699214460675	0.00962388895896683	0.0476352349165224	0.0543550742498431	0.00025400498303643	0.002742597289283	0.00025025717753851	0.00219033428906328	0.0029936520355399	0.0140256200340614	0.0481788448571519	0.0012839706326559	0.00112357370190672	0	0.000257608037543728
